0 0.77890625 0.25234375 0.403125 0.2796875
0 0.52578125 0.86171875 0.334375 0.2453125
0 0.265625 0.7484375 0.146875 0.4265625
0 0.1140625 0.75859375 0.1578125 0.4390625
0 0.11953125 0.34609375 0.1734375 0.3390625
0 0.29765625 0.3421875 0.1671875 0.390625
0 0.48515625 0.33515625 0.1921875 0.3125
0 0.5078125 0.6140625 0.3203125 0.2640625
0 0.8890625 0.67890625 0.14375 0.5453125
0 0.7546875 0.64921875 0.140625 0.5015625
1 0.9328125 0.28203125 0.05625 0.0953125
1 0.90234375 0.89765625 0.059375 0.0796875
1 0.75703125 0.853125 0.0640625 0.0703125
1 0.37421875 0.70390625 0.059375 0.0875
1 0.3125 0.50859375 0.0796875 0.05
1 0.07109375 0.4703125 0.0640625 0.0640625
1 0.4515625 0.4546875 0.0546875 0.0546875
1 0.3953125 0.92734375 0.0546875 0.0625
1 0.296875 0.9421875 0.0640625 0.0640625
1 0.15 0.93671875 0.0703125 0.075