0 0.77890625 0.25234375 0.403125 0.2796875
0 0.52578125 0.86171875 0.334375 0.2453125
0 0.265625 0.7484375 0.146875 0.4265625
0 0.1140625 0.75859375 0.1578125 0.4390625
0 0.11953125 0.34609375 0.1734375 0.3390625
0 0.29765625 0.3421875 0.1671875 0.390625
0 0.48515625 0.33515625 0.1921875 0.3125
0 0.5078125 0.6140625 0.3203125 0.2640625
0 0.8890625 0.67890625 0.14375 0.5453125
0 0.7546875 0.64921875 0.140625 0.5015625
1 0.903125 0.903125 0.06875 0.06875
1 0.759375 0.8546875 0.06875 0.0671875
1 0.390625 0.928125 0.0609375 0.0859375
1 0.290625 0.94296875 0.0625 0.059375
1 0.1515625 0.934375 0.06875 0.0703125
1 0.3796875 0.7046875 0.0671875 0.0953125
1 0.93359375 0.28828125 0.0703125 0.1078125
1 0.45234375 0.45 0.071875 0.0765625
1 0.3140625 0.50703125 0.06875 0.0609375
1 0.06875 0.475 0.065625 0.0765625