0 0.2296875 0.75703125 0.4109375 0.2921875
0 0.46171875 0.1390625 0.3421875 0.25625
0 0.72578125 0.24375 0.1625 0.4296875
0 0.8765625 0.228125 0.171875 0.44375
0 0.8859375 0.640625 0.1859375 0.3453125
0 0.7078125 0.65078125 0.1796875 0.3953125
0 0.52109375 0.66484375 0.2015625 0.31875
0 0.48828125 0.38671875 0.328125 0.2734375
0 0.1046875 0.33515625 0.1625 0.5484375
0 0.240625 0.36015625 0.1578125 0.5046875
1 0.07578125 0.73359375 0.059375 0.096875
1 0.08359375 0.11640625 0.0625 0.08125
1 0.23046875 0.15625 0.0671875 0.071875
1 0.61875 0.2921875 0.0625 0.0890625
1 0.68671875 0.484375 0.08125 0.0515625
1 0.9296875 0.51484375 0.0671875 0.0671875
1 0.55 0.54375 0.05625 0.05625
1 0.58984375 0.06953125 0.05625 0.0640625
1 0.6875 0.05078125 0.0671875 0.0671875
1 0.834375 0.0515625 0.0734375 0.0765625