0 0.7578125 0.28515625 0.1578125 0.240625
0 0.07578125 0.79296875 0.109375 0.1265625
0 0.77890625 0.92578125 0.0734375 0.1234375
0 0.83359375 0.4390625 0.103125 0.16875
0 0.9 0.265625 0.090625 0.3
0 0.9546875 0.31875 0.0703125 0.1765625
0 0.96875 0.33515625 0.0625 0.1640625
0 0.8015625 0.171875 0.096875 0.23125
0 0.71015625 0.13203125 0.1171875 0.175
0 0.096875 0.89921875 0.0921875 0.134375
0 0.12578125 0.48125 0.1 0.209375
0 0.26171875 0.675 0.096875 0.1203125
0 0.36484375 0.82421875 0.06875 0.0734375
0 0.35625 0.75859375 0.0421875 0.0875
0 0.44140625 0.803125 0.046875 0.0953125
0 0.62109375 0.74609375 0.1 0.21875
0 0.36484375 0.26171875 0.171875 0.18125
0 0.63515625 0.0953125 0.1125 0.178125
0 0.49609375 0.09609375 0.1796875 0.1921875
0 0.5421875 0.0515625 0.134375 0.103125
0 0.64765625 0.51875 0.0921875 0.24375
0 0.6921875 0.61796875 0.0625 0.1125
0 0.83671875 0.58359375 0.1390625 0.165625
0 0.24765625 0.2375 0.1015625 0.2
0 0.1140625 0.1828125 0.090625 0.271875
0 0.5328125 0.28671875 0.1203125 0.18125
0 0.66015625 0.93125 0.084375 0.08125
0 0.85859375 0.83125 0.0875 0.11875
0 0.94453125 0.70234375 0.0875 0.090625
0 0.95625 0.6234375 0.0765625 0.10625
0 0.48359375 0.88515625 0.053125 0.0796875
0 0.62265625 0.975 0.0703125 0.05
0 0.52734375 0.625 0.1625 0.1
0 0.41796875 0.6125 0.0875 0.0859375
0 0.26640625 0.571875 0.0875 0.15
0 0.27265625 0.490625 0.08125 0.1046875
0 0.76796875 0.04921875 0.159375 0.0671875
0 0.8609375 0.18828125 0.0734375 0.275
0 0.78125 0.771875 0.0703125 0.1375
0 0.56796875 0.70078125 0.0828125 0.078125
0 0.71640625 0.38828125 0.08125 0.165625
0 0.19609375 0.6484375 0.0578125 0.0875
0 0.64609375 0.2609375 0.1328125 0.1359375
0 0.69765625 0.7984375 0.0953125 0.159375
0 0.9375 0.8875 0.06875 0.090625
0 0.840625 0.73828125 0.0875 0.13125
0 0.7390625 0.47265625 0.090625 0.15
0 0.58828125 0.90234375 0.065625 0.0875
0 0.05234375 0.37109375 0.090625 0.178125
0 0.08984375 0.040625 0.0890625 0.08125
0 0.05625 0.15390625 0.0671875 0.20625
0 0.346875 0.0453125 0.153125 0.090625
0 0.46484375 0.28046875 0.075 0.1703125
0 0.49921875 0.46640625 0.103125 0.20625
0 0.584375 0.33125 0.1015625 0.2859375
0 0.49296875 0.7171875 0.1078125 0.1171875
0 0.9703125 0.11875 0.059375 0.1625
0 0.2265625 0.38203125 0.0765625 0.1265625