0 0.734375 0.740625 0.14375 0.2328125
0 0.10859375 0.1640625 0.1 0.1203125
0 0.821875 0.10546875 0.065625 0.121875
0 0.82578125 0.5953125 0.0921875 0.1625
0 0.8734375 0.77421875 0.0703125 0.296875
0 0.93359375 0.728125 0.0609375 0.1734375
0 0.95703125 0.7125 0.06875 0.1625
0 0.765625 0.8578125 0.084375 0.2265625
0 0.6703125 0.88828125 0.10625 0.16875
0 0.13984375 0.06328125 0.0828125 0.1265625
0 0.12578125 0.4796875 0.084375 0.2046875
0 0.28125 0.30078125 0.090625 0.115625
0 0.39921875 0.1640625 0.0625 0.06875
0 0.384375 0.22734375 0.0375 0.0859375
0 0.4734375 0.1921875 0.040625 0.0921875
0 0.64609375 0.26796875 0.084375 0.215625
0 0.340625 0.72265625 0.1609375 0.171875
0 0.59140625 0.91484375 0.1015625 0.1703125
0 0.4546875 0.90234375 0.1671875 0.1859375
0 0.49609375 0.9515625 0.128125 0.0953125
0 0.6484375 0.496875 0.078125 0.240625
0 0.703125 0.403125 0.05625 0.109375
0 0.84375 0.45234375 0.1296875 0.15625
0 0.221875 0.73515625 0.0875 0.1953125
0 0.08359375 0.775 0.071875 0.26875
0 0.51015625 0.715625 0.109375 0.1734375
0 0.70390625 0.0875 0.0796875 0.0765625
0 0.89140625 0.20859375 0.08125 0.1140625
0 0.9609375 0.3453125 0.078125 0.0875
0 0.965625 0.425 0.06875 0.103125
0 0.52421875 0.11484375 0.05 0.078125
0 0.67265625 0.0328125 0.0671875 0.0609375
0 0.540625 0.37890625 0.1578125 0.090625
0 0.43046875 0.37890625 0.0828125 0.08125
0 0.275 0.40390625 0.078125 0.146875
0 0.27265625 0.4859375 0.075 0.1015625
0 0.71875 0.9734375 0.15625 0.053125
0 0.82578125 0.84765625 0.0546875 0.275
0 0.8078125 0.259375 0.0609375 0.134375
0 0.58828125 0.3078125 0.0765625 0.071875
0 0.703125 0.634375 0.0703125 0.1625
0 0.21328125 0.32109375 0.0546875 0.084375
0 0.6203125 0.753125 0.1234375 0.1296875
0 0.72734375 0.2234375 0.0859375 0.1546875
0 0.971875 0.16015625 0.05625 0.0890625
0 0.8640625 0.2984375 0.078125 0.128125
0 0.73515625 0.55234375 0.08125 0.146875
0 0.6296875 0.109375 0.0609375 0.084375
0 0.04140625 0.58125 0.08125 0.1734375
0 0.04140625 0.934375 0.08125 0.1171875
0 0.025 0.796875 0.05 0.20625
0 0.29921875 0.94453125 0.146875 0.096875
0 0.4421875 0.71484375 0.0640625 0.1671875
0 0.4953125 0.53359375 0.0890625 0.2015625
0 0.56640625 0.67734375 0.0828125 0.2828125
0 0.515625 0.2828125 0.1 0.1109375
0 0.9484375 0.92578125 0.090625 0.1484375
0 0.215625 0.5890625 0.0671875 0.1234375