0 0.884375 0.23515625 0.13125 0.4046875
0 0.728125 0.22421875 0.1546875 0.421875
0 0.57265625 0.2265625 0.1609375 0.371875
0 0.40546875 0.19921875 0.153125 0.3546875
0 0.25625 0.19765625 0.1390625 0.2890625
0 0.0984375 0.19765625 0.1578125 0.228125
0 0.11640625 0.68359375 0.1578125 0.428125
0 0.2640625 0.69609375 0.1328125 0.4796875
0 0.428125 0.70859375 0.1671875 0.5046875
0 0.5859375 0.72265625 0.1328125 0.54375
0 0.7359375 0.721875 0.146875 0.5234375
0 0.8859375 0.70859375 0.1328125 0.5578125