0 0.25 0.27578125 0.1515625 0.2359375
0 0.91328125 0.8078125 0.10625 0.1234375
0 0.20625 0.915625 0.0703125 0.121875
0 0.16875 0.42734375 0.096875 0.165625
0 0.10859375 0.25234375 0.08125 0.2984375
0 0.0515625 0.303125 0.065625 0.175
0 0.0328125 0.31875 0.065625 0.1625
0 0.21015625 0.16171875 0.0890625 0.228125
0 0.303125 0.125 0.1125 0.171875
0 0.8890625 0.91328125 0.0875 0.1328125
0 0.87421875 0.49453125 0.09375 0.2078125
0 0.73203125 0.68359375 0.09375 0.1171875
0 0.6234375 0.828125 0.065625 0.071875
0 0.634375 0.76328125 0.0390625 0.0859375
0 0.5484375 0.8046875 0.04375 0.09375
0 0.3703125 0.74140625 0.0921875 0.2171875
0 0.64375 0.26640625 0.1671875 0.1765625
0 0.37890625 0.090625 0.1078125 0.175
0 0.5171875 0.0953125 0.1734375 0.1890625
0 0.471875 0.04921875 0.13125 0.0984375
0 0.35234375 0.51328125 0.084375 0.2421875
0 0.30390625 0.6109375 0.059375 0.1109375
0 0.16015625 0.571875 0.134375 0.1609375
0 0.7609375 0.24609375 0.09375 0.1984375
0 0.89609375 0.196875 0.08125 0.2703125
0 0.475 0.28515625 0.115625 0.1765625
0 0.325 0.925 0.08125 0.0796875
0 0.13046875 0.81796875 0.084375 0.1171875
0 0.04921875 0.68671875 0.084375 0.0890625
0 0.0390625 0.60703125 0.0734375 0.103125
0 0.503125 0.88515625 0.0515625 0.0796875
0 0.359375 0.9734375 0.06875 0.053125
0 0.46796875 0.6234375 0.159375 0.0953125
0 0.578125 0.615625 0.0859375 0.084375
0 0.73125 0.58046875 0.0828125 0.146875
0 0.72734375 0.4984375 0.078125 0.1015625
0 0.2484375 0.03984375 0.1578125 0.0625
0 0.15078125 0.17578125 0.0640625 0.2734375
0 0.209375 0.76171875 0.065625 0.1359375
0 0.425 0.69765625 0.0796875 0.0765625
0 0.28828125 0.38046875 0.075 0.1640625
0 0.7984375 0.65859375 0.05625 0.0859375
0 0.36171875 0.25625 0.128125 0.1328125
0 0.2921875 0.79140625 0.090625 0.1578125
0 0.04921875 0.871875 0.065625 0.0890625
0 0.1515625 0.7265625 0.0828125 0.128125
0 0.26171875 0.4640625 0.0859375 0.146875
0 0.3984375 0.89921875 0.0640625 0.0859375
0 0.9515625 0.3875 0.0859375 0.175
0 0.92734375 0.04765625 0.0859375 0.0953125
0 0.95546875 0.16953125 0.0609375 0.2046875
0 0.66875 0.046875 0.15 0.09375
0 0.5421875 0.28203125 0.06875 0.16875
0 0.50234375 0.46640625 0.096875 0.2046875
0 0.42109375 0.328125 0.0921875 0.2828125
0 0.5 0.7171875 0.1046875 0.1140625
0 0.034375 0.1015625 0.06875 0.159375
0 0.77734375 0.39140625 0.071875 0.125