0 0.74609375 0.728125 0.146875 0.234375
0 0.0921875 0.18515625 0.103125 0.121875
0 0.80078125 0.0890625 0.06875 0.121875
0 0.83046875 0.578125 0.0953125 0.1640625
0 0.8875 0.7546875 0.0765625 0.296875
0 0.9453125 0.7046875 0.0640625 0.1734375
0 0.965625 0.6875 0.06875 0.1625
0 0.784375 0.84375 0.0875 0.228125
0 0.690625 0.87890625 0.109375 0.1703125
0 0.11796875 0.08046875 0.0859375 0.1328125
0 0.12578125 0.49921875 0.0890625 0.20625
0 0.27109375 0.3125 0.09375 0.1171875
0 0.38203125 0.16953125 0.0625 0.06875
0 0.3703125 0.234375 0.0390625 0.0875
0 0.45703125 0.19453125 0.0421875 0.09375
0 0.63359375 0.2609375 0.0890625 0.2171875
0 0.35234375 0.73125 0.1640625 0.1734375
0 0.61328125 0.9109375 0.1046875 0.1734375
0 0.47578125 0.90390625 0.1703125 0.1890625
0 0.51953125 0.95078125 0.1296875 0.0984375
0 0.6484375 0.4890625 0.08125 0.2421875
0 0.69765625 0.3921875 0.0578125 0.109375
0 0.840625 0.434375 0.13125 0.159375
0 0.234375 0.74921875 0.090625 0.196875
0 0.0984375 0.79609375 0.0765625 0.26875
0 0.521875 0.71484375 0.1125 0.175
0 0.68203125 0.078125 0.08125 0.078125
0 0.875 0.18828125 0.0828125 0.115625
0 0.95390625 0.321875 0.0828125 0.0890625
0 0.9625 0.40078125 0.071875 0.103125
0 0.50390625 0.11484375 0.0515625 0.078125
0 0.64765625 0.02734375 0.0671875 0.0546875
0 0.534375 0.3765625 0.159375 0.0921875
0 0.42421875 0.3828125 0.084375 0.0828125
0 0.2703125 0.415625 0.0796875 0.1484375
0 0.27265625 0.49765625 0.0765625 0.103125
0 0.74375 0.9640625 0.15625 0.059375
0 0.84375 0.83046875 0.059375 0.275
0 0.7953125 0.24375 0.0640625 0.134375
0 0.578125 0.303125 0.078125 0.0734375
0 0.71015625 0.6234375 0.0734375 0.1625
0 0.20390625 0.3359375 0.05625 0.084375
0 0.63359375 0.74609375 0.1265625 0.1328125
0 0.7125 0.21171875 0.0875 0.15625
0 0.95703125 0.1359375 0.0640625 0.0890625
0 0.85234375 0.2796875 0.08125 0.1296875
0 0.7375 0.53984375 0.0828125 0.1484375
0 0.60859375 0.103125 0.0625 0.084375
0 0.04609375 0.6046875 0.084375 0.175
0 0.0640625 0.94921875 0.084375 0.1015625
0 0.0390625 0.82265625 0.059375 0.20625
0 0.32265625 0.95234375 0.1484375 0.0953125
0 0.45390625 0.7171875 0.0671875 0.1671875
0 0.49765625 0.53359375 0.0921875 0.203125
0 0.57578125 0.6734375 0.0875 0.284375
0 0.50390625 0.2828125 0.1015625 0.1125
0 0.9625 0.90546875 0.075 0.1578125
0 0.2203125 0.60390625 0.0703125 0.1234375