0 0.7875 0.2625 0.39375 0.265625
0 0.51328125 0.8625 0.3265625 0.234375
0 0.25703125 0.73984375 0.1328125 0.421875
0 0.10546875 0.7453125 0.1421875 0.4328125
0 0.125 0.3328125 0.1609375 0.3359375
0 0.303125 0.33515625 0.153125 0.3859375
0 0.490625 0.334375 0.18125 0.30625
0 0.50390625 0.6140625 0.3109375 0.253125
0 0.8828125 0.6921875 0.125 0.5390625
0 0.74921875 0.6578125 0.1234375 0.4984375
1 0.8875 0.9109375 0.065625 0.075
1 0.74296875 0.8640625 0.075 0.06875
1 0.3796875 0.9234375 0.046875 0.0796875
1 0.27109375 0.93203125 0.078125 0.0625
1 0.1390625 0.92421875 0.0703125 0.075
1 0.371875 0.696875 0.065625 0.096875
1 0.9421875 0.3015625 0.078125 0.103125
1 0.45 0.44765625 0.0703125 0.084375
1 0.3140625 0.50625 0.075 0.0625
1 0.0671875 0.4703125 0.065625 0.078125