0 0.7609375 0.76640625 0.41875 0.3046875
0 0.55078125 0.140625 0.35 0.2671875
0 0.28359375 0.2359375 0.1765625 0.4328125
0 0.1328125 0.21875 0.1875 0.4375
0 0.109375 0.62734375 0.196875 0.35
0 0.28671875 0.64375 0.1921875 0.4
0 0.4734375 0.6640625 0.2125 0.3234375
0 0.515625 0.38671875 0.3359375 0.284375
0 0.90078125 0.34921875 0.18125 0.55
0 0.7640625 0.36875 0.175 0.5078125
1 0.91640625 0.74765625 0.0625 0.0984375
1 0.92890625 0.13125 0.065625 0.084375
1 0.78125 0.165625 0.06875 0.0734375
1 0.3890625 0.28828125 0.065625 0.0921875
1 0.3140625 0.478125 0.0828125 0.0546875
1 0.0703125 0.5 0.06875 0.06875
1 0.4484375 0.54140625 0.0578125 0.0578125
1 0.425 0.06640625 0.0578125 0.065625
1 0.328125 0.04453125 0.06875 0.06875
1 0.18125 0.03984375 0.075 0.0796875