0 0.20078125 0.71640625 0.4015625 0.2921875
0 0.51171875 0.1375 0.3421875 0.25625
0 0.759375 0.27734375 0.1625 0.4296875
0 0.9109375 0.2828125 0.171875 0.44375
0 0.8625 0.69296875 0.1859375 0.3453125
0 0.68515625 0.678125 0.1796875 0.3953125
0 0.49765625 0.665625 0.2015625 0.31875
0 0.50390625 0.3859375 0.328125 0.2734375
0 0.13125 0.28125 0.1625 0.5484375
0 0.2625 0.325 0.1578125 0.5046875
1 0.046875 0.671875 0.059375 0.096875
1 0.14140625 0.0625 0.0625 0.08125
1 0.28125 0.121875 0.0671875 0.071875
1 0.64609375 0.31015625 0.0625 0.0890625
1 0.6875 0.5109375 0.08125 0.0515625
1 0.9234375 0.57421875 0.0671875 0.0671875
1 0.54375 0.55 0.05625 0.05625
1 0.6484375 0.0859375 0.05625 0.0640625
1 0.7484375 0.08125 0.0671875 0.0671875
1 0.89375 0.10234375 0.0734375 0.0765625