0 0.72109375 0.753125 0.1546875 0.2390625
0 0.12734375 0.14453125 0.10625 0.125
0 0.8421875 0.12265625 0.071875 0.125
0 0.8203125 0.6125 0.1 0.1671875
0 0.85859375 0.79375 0.0859375 0.2984375
0 0.92109375 0.75 0.0703125 0.175
0 0.9453125 0.73671875 0.0765625 0.165625
0 0.746875 0.87109375 0.0953125 0.2296875
0 0.65 0.896875 0.1140625 0.1734375
0 0.1640625 0.0546875 0.090625 0.109375
0 0.12734375 0.46015625 0.0953125 0.2078125
0 0.2921875 0.28984375 0.096875 0.1203125
0 0.4171875 0.159375 0.065625 0.071875
0 0.39921875 0.221875 0.0421875 0.0875
0 0.48984375 0.19140625 0.0453125 0.0953125
0 0.6578125 0.27578125 0.0953125 0.21875
0 0.32890625 0.7140625 0.16875 0.1796875
0 0.5703125 0.91640625 0.109375 0.1671875
0 0.43359375 0.89921875 0.1765625 0.19375
0 0.47265625 0.94921875 0.1328125 0.1015625
0 0.6484375 0.5046875 0.090625 0.24375
0 0.7078125 0.41328125 0.0625 0.1109375
0 0.84609375 0.4703125 0.1375 0.1625
0 0.209375 0.7203125 0.0984375 0.1984375
0 0.06953125 0.75234375 0.0859375 0.271875
0 0.49921875 0.71640625 0.11875 0.178125
0 0.725 0.09921875 0.0828125 0.0796875
0 0.90546875 0.22890625 0.0875 0.1171875
0 0.96328125 0.3703125 0.0734375 0.090625
0 0.96640625 0.45 0.0671875 0.10625
0 0.54375 0.1171875 0.053125 0.0796875
0 0.696875 0.0421875 0.0703125 0.0640625
0 0.546875 0.38125 0.1625 0.0984375
0 0.43671875 0.37578125 0.0859375 0.0859375
0 0.28046875 0.3921875 0.084375 0.15
0 0.27421875 0.47421875 0.0796875 0.1046875
0 0.69296875 0.97734375 0.1578125 0.0453125
0 0.80625 0.86328125 0.06875 0.2734375
0 0.8203125 0.27578125 0.06875 0.1359375
0 0.5984375 0.3125 0.0796875 0.075
0 0.69609375 0.64453125 0.078125 0.165625
0 0.22265625 0.30625 0.059375 0.0859375
0 0.60703125 0.75859375 0.13125 0.1359375
0 0.74140625 0.2359375 0.09375 0.1578125
0 0.9796875 0.18515625 0.040625 0.0921875
0 0.8734375 0.31796875 0.0859375 0.13125
0 0.73203125 0.56484375 0.0875 0.15
0 0.65 0.11640625 0.065625 0.0875
0 0.04140625 0.55703125 0.0828125 0.1765625
0 0.03125 0.90859375 0.0625 0.1203125
0 0.0203125 0.77265625 0.040625 0.2078125
0 0.2765625 0.9328125 0.1515625 0.103125
0 0.43125 0.71171875 0.071875 0.16875
0 0.49375 0.53359375 0.1 0.20625
0 0.55703125 0.68046875 0.096875 0.2859375
0 0.5265625 0.284375 0.10625 0.115625
0 0.92578125 0.9359375 0.0984375 0.128125
0 0.21171875 0.5734375 0.0734375 0.1265625