0 0.75 0.27578125 0.1515625 0.2359375
0 0.08671875 0.8078125 0.1046875 0.1234375
0 0.79375 0.915625 0.0703125 0.1234375
0 0.83125 0.42734375 0.096875 0.165625
0 0.89140625 0.25234375 0.08125 0.2984375
0 0.9484375 0.303125 0.0671875 0.175
0 0.9671875 0.31953125 0.065625 0.1640625
0 0.78984375 0.16171875 0.090625 0.228125
0 0.696875 0.125 0.1125 0.171875
0 0.1109375 0.91328125 0.0875 0.134375
0 0.12578125 0.49453125 0.0921875 0.2078125
0 0.26796875 0.68359375 0.0953125 0.11875
0 0.3765625 0.828125 0.0640625 0.0703125
0 0.365625 0.76328125 0.040625 0.0875
0 0.4515625 0.8046875 0.04375 0.09375
0 0.6296875 0.74140625 0.0921875 0.21875
0 0.35625 0.26640625 0.1671875 0.1765625
0 0.62109375 0.090625 0.1078125 0.175
0 0.4828125 0.0953125 0.1734375 0.190625
0 0.5265625 0.04921875 0.13125 0.0984375
0 0.64765625 0.51328125 0.0859375 0.2421875
0 0.69609375 0.6109375 0.0609375 0.1109375
0 0.83984375 0.571875 0.134375 0.1609375
0 0.2390625 0.24609375 0.09375 0.1984375
0 0.10390625 0.196875 0.08125 0.2703125
0 0.525 0.28515625 0.115625 0.1765625
0 0.675 0.925 0.08125 0.0796875
0 0.86953125 0.81796875 0.0859375 0.1171875
0 0.95078125 0.68671875 0.084375 0.090625
0 0.9609375 0.60703125 0.0734375 0.1046875
0 0.496875 0.88515625 0.053125 0.0796875
0 0.6390625 0.9734375 0.06875 0.053125
0 0.53203125 0.6234375 0.1609375 0.0953125
0 0.421875 0.615625 0.0859375 0.084375
0 0.26875 0.58046875 0.0828125 0.1484375
0 0.27265625 0.4984375 0.078125 0.103125
0 0.7515625 0.03984375 0.1578125 0.0625
0 0.84921875 0.17578125 0.0640625 0.275
0 0.790625 0.76171875 0.065625 0.1359375
0 0.575 0.69765625 0.078125 0.0734375
0 0.71171875 0.38046875 0.075 0.1640625
0 0.2015625 0.65859375 0.0578125 0.0859375
0 0.63828125 0.25625 0.128125 0.134375
0 0.7078125 0.79140625 0.090625 0.1578125
0 0.95078125 0.871875 0.065625 0.090625
0 0.8484375 0.7265625 0.0828125 0.1296875
0 0.73828125 0.4640625 0.0859375 0.1484375
0 0.6015625 0.89921875 0.0640625 0.0859375
0 0.0484375 0.3875 0.0875 0.175
0 0.07265625 0.04765625 0.0859375 0.0953125
0 0.04453125 0.16953125 0.0625 0.2078125
0 0.3296875 0.046875 0.15 0.09375
0 0.4578125 0.28203125 0.06875 0.16875
0 0.49765625 0.46640625 0.096875 0.2046875
0 0.57890625 0.328125 0.0921875 0.284375
0 0.5 0.7171875 0.1046875 0.1140625
0 0.96484375 0.1015625 0.0703125 0.159375
0 0.22265625 0.39140625 0.071875 0.125