0 0.7296875 0.74453125 0.146875 0.234375
0 0.11484375 0.1578125 0.1046875 0.121875
0 0.82890625 0.1109375 0.06875 0.1203125
0 0.82421875 0.6015625 0.0953125 0.1640625
0 0.86875 0.78125 0.0765625 0.296875
0 0.9296875 0.73515625 0.0625 0.1734375
0 0.953125 0.7203125 0.071875 0.1609375
0 0.759375 0.8625 0.0859375 0.228125
0 0.6640625 0.89140625 0.109375 0.1703125
0 0.14765625 0.06015625 0.0859375 0.1203125
0 0.1265625 0.47265625 0.090625 0.20625
0 0.28515625 0.296875 0.090625 0.115625
0 0.40546875 0.1625 0.065625 0.0703125
0 0.3890625 0.22578125 0.0375 0.0859375
0 0.47890625 0.1921875 0.0421875 0.09375
0 0.65 0.27109375 0.0890625 0.215625
0 0.33671875 0.7203125 0.1640625 0.1734375
0 0.58359375 0.915625 0.1046875 0.16875
0 0.44765625 0.9015625 0.1703125 0.1875
0 0.48828125 0.95078125 0.1296875 0.0984375
0 0.6484375 0.5 0.0796875 0.2421875
0 0.7046875 0.40625 0.05625 0.109375
0 0.84453125 0.4578125 0.13125 0.159375
0 0.2171875 0.73046875 0.090625 0.196875
0 0.07890625 0.7671875 0.0765625 0.26875
0 0.50625 0.715625 0.1125 0.175
0 0.7109375 0.09140625 0.08125 0.078125
0 0.89609375 0.21484375 0.08125 0.115625
0 0.96171875 0.353125 0.0765625 0.0875
0 0.965625 0.43359375 0.06875 0.1015625
0 0.53046875 0.115625 0.05 0.078125
0 0.68125 0.0359375 0.0671875 0.0609375
0 0.5421875 0.3796875 0.1578125 0.0921875
0 0.43203125 0.378125 0.084375 0.0828125
0 0.2765625 0.4 0.0796875 0.146875
0 0.2734375 0.48203125 0.0765625 0.1015625
0 0.7109375 0.975 0.15625 0.05
0 0.81953125 0.85390625 0.059375 0.2734375
0 0.8125 0.26484375 0.0640625 0.134375
0 0.5921875 0.309375 0.0796875 0.075
0 0.70078125 0.6375 0.0734375 0.1625
0 0.21640625 0.315625 0.0546875 0.084375
0 0.61640625 0.7546875 0.1265625 0.13125
0 0.73203125 0.22734375 0.0875 0.15625
0 0.97421875 0.16875 0.0515625 0.0875
0 0.8671875 0.3046875 0.08125 0.128125
0 0.734375 0.55703125 0.0828125 0.146875
0 0.6359375 0.11171875 0.0625 0.084375
0 0.040625 0.5734375 0.08125 0.175
0 0.03828125 0.9265625 0.0765625 0.11875
0 0.0234375 0.78984375 0.046875 0.2046875
0 0.29140625 0.940625 0.1484375 0.0984375
0 0.43828125 0.71328125 0.0671875 0.1671875
0 0.4953125 0.53359375 0.0921875 0.203125
0 0.56328125 0.678125 0.0875 0.2828125
0 0.51953125 0.28359375 0.1015625 0.1125
0 0.94140625 0.9296875 0.0921875 0.140625
0 0.2140625 0.58359375 0.0703125 0.1234375