0 0.14921875 0.2625 0.29375 0.434375
0 0.49921875 0.25703125 0.3890625 0.4140625
0 0.85625 0.23359375 0.2875 0.3765625
0 0.13359375 0.6640625 0.2671875 0.371875
0 0.48125 0.6703125 0.409375 0.440625
0 0.8578125 0.6671875 0.284375 0.40625
1 0.1453125 0.1109375 0.13359375 0.1203125
1 0.50234375 0.08359375 0.1328125 0.08984375
1 0.83203125 0.1109375 0.16328125 0.10078125
1 0.07265625 0.55078125 0.1453125 0.0984375
1 0.47109375 0.5234375 0.15234375 0.121875
1 0.91015625 0.5359375 0.1484375 0.11953125