0 0.2296875 0.24296875 0.4109375 0.2921875
0 0.46171875 0.8609375 0.3421875 0.25625
0 0.72578125 0.75625 0.1625 0.4296875
0 0.8765625 0.771875 0.171875 0.44375
0 0.8859375 0.359375 0.1859375 0.3453125
0 0.7078125 0.34921875 0.1796875 0.3953125
0 0.52109375 0.33515625 0.2015625 0.31875
0 0.48828125 0.61328125 0.328125 0.2734375
0 0.1046875 0.66484375 0.1625 0.5484375
0 0.240625 0.63984375 0.1578125 0.5046875
1 0.0828125 0.8890625 0.071875 0.071875
1 0.228125 0.8453125 0.071875 0.06875
1 0.59453125 0.93203125 0.0640625 0.0875
1 0.69375 0.95 0.0640625 0.0625
1 0.8328125 0.94609375 0.0703125 0.0734375
1 0.61328125 0.70859375 0.0703125 0.096875
1 0.07421875 0.2734375 0.075 0.109375
1 0.54921875 0.4515625 0.0734375 0.078125
1 0.68515625 0.5140625 0.0703125 0.0625
1 0.93203125 0.490625 0.06875 0.078125