0 0.20234375 0.27734375 0.4046875 0.2859375
0 0.50546875 0.8625 0.3390625 0.2515625
0 0.75546875 0.7265625 0.1546875 0.428125
0 0.90703125 0.72421875 0.1640625 0.440625
0 0.865625 0.31328125 0.1796875 0.3421875
0 0.68828125 0.325 0.1734375 0.39375
0 0.50078125 0.334375 0.196875 0.315625
0 0.50234375 0.6140625 0.3234375 0.26875
0 0.128125 0.71171875 0.153125 0.546875
0 0.259375 0.6703125 0.15 0.503125
1 0.05 0.3203125 0.0578125 0.096875
1 0.13359375 0.93125 0.0609375 0.08125
1 0.275 0.87421875 0.065625 0.071875
1 0.64296875 0.6921875 0.0609375 0.0890625
1 0.6875 0.4921875 0.08125 0.0515625
1 0.92421875 0.4328125 0.065625 0.065625
1 0.54453125 0.45078125 0.0546875 0.0546875
1 0.64140625 0.91640625 0.0546875 0.0625
1 0.74140625 0.9234375 0.065625 0.065625
1 0.88671875 0.9046875 0.071875 0.0765625