0 0.91484375 0.70078125 0.1703125 0.4171875
0 0.76875 0.73671875 0.203125 0.4328125
0 0.6140625 0.75859375 0.2046875 0.3859375
0 0.45390625 0.81171875 0.19375 0.3703125
0 0.30703125 0.83671875 0.1734375 0.3046875
0 0.15078125 0.86171875 0.184375 0.2421875
0 0.09765625 0.37890625 0.1953125 0.4421875
0 0.23671875 0.34296875 0.1921875 0.4921875
0 0.39609375 0.30546875 0.2265625 0.5203125
0 0.54921875 0.271875 0.1984375 0.54375
0 0.6984375 0.25546875 0.209375 0.5109375
0 0.84765625 0.25859375 0.2015625 0.5171875