0 0.73828125 0.26328125 0.1390625 0.2296875
0 0.103125 0.82890625 0.0984375 0.11875
0 0.81484375 0.9 0.0640625 0.1203125
0 0.82734375 0.41015625 0.0890625 0.1609375
0 0.878125 0.23203125 0.065625 0.2953125
0 0.9375 0.2796875 0.0578125 0.171875
0 0.9609375 0.2953125 0.065625 0.1609375
0 0.771875 0.146875 0.0796875 0.225
0 0.67734375 0.11484375 0.103125 0.1671875
0 0.1328125 0.9328125 0.08125 0.1296875
0 0.12578125 0.5140625 0.08125 0.203125
0 0.278125 0.6953125 0.0890625 0.1140625
0 0.39375 0.834375 0.0609375 0.0671875
0 0.3796875 0.7703125 0.0359375 0.0859375
0 0.46796875 0.80703125 0.0390625 0.0921875
0 0.6421875 0.734375 0.08125 0.2140625
0 0.34453125 0.27421875 0.1578125 0.16875
0 0.59921875 0.08515625 0.0984375 0.1703125
0 0.46171875 0.096875 0.1640625 0.1828125
0 0.50390625 0.0484375 0.1265625 0.09375
0 0.6484375 0.50546875 0.0734375 0.2390625
0 0.7015625 0.60078125 0.0546875 0.1078125
0 0.84296875 0.55390625 0.1265625 0.1546875
0 0.22578125 0.26015625 0.084375 0.19375
0 0.08828125 0.21796875 0.0671875 0.2671875
0 0.5140625 0.284375 0.10625 0.171875
0 0.696875 0.915625 0.078125 0.075
0 0.8859375 0.7984375 0.0796875 0.1125
0 0.96015625 0.6625 0.0796875 0.0859375
0 0.965625 0.5828125 0.06875 0.1015625
0 0.5171875 0.88515625 0.0484375 0.0765625
0 0.66484375 0.9703125 0.065625 0.059375
0 0.53828125 0.621875 0.15625 0.0875
0 0.428125 0.61953125 0.08125 0.0796875
0 0.2734375 0.5921875 0.075 0.1453125
0 0.27265625 0.51015625 0.0734375 0.1
0 0.72734375 0.02734375 0.1546875 0.0546875
0 0.83203125 0.1578125 0.05 0.2734375
0 0.80390625 0.74609375 0.059375 0.1328125
0 0.58515625 0.69375 0.075 0.0703125
0 0.70546875 0.36953125 0.0671875 0.1609375
0 0.21015625 0.67421875 0.053125 0.0828125
0 0.625 0.24921875 0.121875 0.128125
0 0.72265625 0.78046875 0.0828125 0.153125
0 0.96953125 0.84765625 0.0609375 0.0875
0 0.86015625 0.7078125 0.0765625 0.1265625
0 0.7359375 0.4515625 0.078125 0.1453125
0 0.62265625 0.89296875 0.059375 0.0828125
0 0.04296875 0.4109375 0.078125 0.171875
0 0.04921875 0.0578125 0.0796875 0.115625
0 0.028125 0.19375 0.0515625 0.2046875
0 0.30703125 0.05234375 0.1453125 0.09375
0 0.44609375 0.284375 0.0609375 0.165625
0 0.49609375 0.46640625 0.0859375 0.2
0 0.56953125 0.32421875 0.078125 0.28125
0 0.51171875 0.7171875 0.0984375 0.109375
0 0.95625 0.07734375 0.0875 0.1546875
0 0.2171875 0.40625 0.065625 0.121875