0 0.71640625 0.75625 0.1578125 0.240625
0 0.13359375 0.1375 0.1078125 0.1265625
0 0.8484375 0.12890625 0.075 0.125
0 0.81796875 0.61796875 0.103125 0.16875
0 0.853125 0.8 0.090625 0.3
0 0.91640625 0.7578125 0.071875 0.1765625
0 0.94140625 0.74375 0.0796875 0.165625
0 0.73984375 0.87578125 0.0984375 0.23125
0 0.64296875 0.89921875 0.1171875 0.175
0 0.17109375 0.05234375 0.0921875 0.1046875
0 0.128125 0.453125 0.0984375 0.209375
0 0.29609375 0.2859375 0.0984375 0.121875
0 0.4234375 0.1578125 0.0671875 0.071875
0 0.40390625 0.2203125 0.04375 0.0890625
0 0.49453125 0.19140625 0.046875 0.0953125
0 0.66171875 0.27890625 0.1 0.2203125
0 0.32578125 0.71171875 0.171875 0.18125
0 0.5625 0.91640625 0.1125 0.1671875
0 0.4265625 0.8984375 0.1796875 0.196875
0 0.4640625 0.9484375 0.134375 0.103125
0 0.6484375 0.5078125 0.09375 0.2453125
0 0.709375 0.4171875 0.0640625 0.1125
0 0.84609375 0.4765625 0.1390625 0.165625
0 0.20625 0.71484375 0.1015625 0.2
0 0.065625 0.7453125 0.090625 0.271875
0 0.4953125 0.71640625 0.1203125 0.18125
0 0.73203125 0.103125 0.084375 0.08125
0 0.91015625 0.23671875 0.0890625 0.11875
0 0.9640625 0.37734375 0.071875 0.0921875
0 0.96640625 0.45703125 0.0671875 0.1078125
0 0.55078125 0.11796875 0.0546875 0.08125
0 0.70546875 0.04609375 0.0703125 0.065625
0 0.5484375 0.38203125 0.1640625 0.1015625
0 0.4390625 0.375 0.0875 0.0859375
0 0.28203125 0.38828125 0.0875 0.1515625
0 0.27421875 0.4703125 0.08125 0.10625
0 0.684375 0.978125 0.159375 0.04375
0 0.80078125 0.865625 0.0734375 0.26875
0 0.82421875 0.28125 0.0703125 0.1375
0 0.6015625 0.3140625 0.08125 0.0765625
0 0.69296875 0.64765625 0.08125 0.165625
0 0.2265625 0.3015625 0.059375 0.0875
0 0.60234375 0.7609375 0.1328125 0.1375
0 0.74609375 0.23984375 0.0953125 0.159375
0 0.98125 0.19453125 0.0375 0.0921875
0 0.8765625 0.32421875 0.0875 0.1328125
0 0.73046875 0.56875 0.090625 0.1515625
0 0.65625 0.11953125 0.065625 0.0875
0 0.04140625 0.5484375 0.0828125 0.178125
0 0.028125 0.9015625 0.05625 0.121875
0 0.01875 0.76328125 0.0375 0.2078125
0 0.26875 0.92890625 0.153125 0.10625
0 0.42734375 0.71015625 0.075 0.1703125
0 0.49296875 0.5328125 0.103125 0.20625
0 0.55390625 0.68125 0.1015625 0.2875
0 0.53046875 0.284375 0.1078125 0.1171875
0 0.9171875 0.93984375 0.1 0.1203125
0 0.21015625 0.56875 0.0765625 0.1265625