0 0.2125 0.7375 0.39375 0.265625
0 0.48671875 0.1375 0.3265625 0.234375
0 0.74296875 0.26015625 0.1328125 0.421875
0 0.89453125 0.2546875 0.1421875 0.434375
0 0.875 0.6671875 0.1625 0.334375
0 0.696875 0.66484375 0.153125 0.3859375
0 0.509375 0.665625 0.18125 0.30625
0 0.49609375 0.3859375 0.3109375 0.253125
0 0.1171875 0.3078125 0.125 0.540625
0 0.25078125 0.3421875 0.1234375 0.496875
1 0.1109375 0.0828125 0.0671875 0.0671875
1 0.253125 0.13671875 0.0671875 0.065625
1 0.62421875 0.07578125 0.059375 0.084375
1 0.725 0.06484375 0.0609375 0.0578125
1 0.86328125 0.078125 0.065625 0.06875
1 0.62734375 0.3 0.0625 0.09375
1 0.059375 0.69609375 0.0671875 0.10625
1 0.54609375 0.5515625 0.06875 0.075
1 0.6859375 0.49921875 0.065625 0.059375
1 0.93046875 0.53984375 0.0625 0.075