0 0.7125 0.76015625 0.1625 0.2421875
0 0.13984375 0.13125 0.1125 0.128125
0 0.8546875 0.13515625 0.0765625 0.125
0 0.81640625 0.6234375 0.1046875 0.16875
0 0.84765625 0.80625 0.096875 0.3
0 0.91171875 0.76484375 0.0734375 0.1765625
0 0.93671875 0.7515625 0.08125 0.165625
0 0.73359375 0.8796875 0.1015625 0.23125
0 0.6359375 0.9015625 0.1203125 0.1765625
0 0.1796875 0.04921875 0.09375 0.0984375
0 0.1296875 0.446875 0.103125 0.2109375
0 0.3 0.2828125 0.0984375 0.1203125
0 0.42890625 0.15625 0.06875 0.075
0 0.40859375 0.21875 0.04375 0.0875
0 0.5 0.19140625 0.0484375 0.0953125
0 0.665625 0.28203125 0.103125 0.2203125
0 0.321875 0.70859375 0.175 0.184375
0 0.5546875 0.91640625 0.115625 0.1671875
0 0.41953125 0.896875 0.1828125 0.196875
0 0.45703125 0.94765625 0.1359375 0.1046875
0 0.6484375 0.51015625 0.096875 0.2453125
0 0.7109375 0.42109375 0.0640625 0.1125
0 0.846875 0.48203125 0.1421875 0.1671875
0 0.20234375 0.71015625 0.1046875 0.2015625
0 0.0609375 0.7375 0.0953125 0.2734375
0 0.49140625 0.715625 0.1234375 0.1828125
0 0.7390625 0.10703125 0.0859375 0.0828125
0 0.91484375 0.24375 0.0890625 0.1203125
0 0.965625 0.38671875 0.06875 0.0921875
0 0.96640625 0.465625 0.0671875 0.10625
0 0.55703125 0.11875 0.0546875 0.08125
0 0.71328125 0.04921875 0.071875 0.065625
0 0.55078125 0.3828125 0.1625 0.103125
0 0.440625 0.3734375 0.0890625 0.0875
0 0.284375 0.384375 0.0890625 0.1515625
0 0.275 0.46640625 0.0828125 0.10625
0 0.6765625 0.97890625 0.159375 0.0421875
0 0.79375 0.86875 0.078125 0.2625
0 0.828125 0.28671875 0.0734375 0.1390625
0 0.6046875 0.31640625 0.084375 0.0796875
0 0.690625 0.6515625 0.084375 0.1671875
0 0.2296875 0.29609375 0.059375 0.0875
0 0.5984375 0.7625 0.134375 0.1390625
0 0.75078125 0.24453125 0.0984375 0.1609375
0 0.98359375 0.20234375 0.0328125 0.0921875
0 0.8796875 0.33125 0.0890625 0.1328125
0 0.7296875 0.57265625 0.0921875 0.1515625
0 0.66328125 0.121875 0.0671875 0.0890625
0 0.04140625 0.53984375 0.0828125 0.1796875
0 0.025 0.89296875 0.05 0.1234375
0 0.01640625 0.75546875 0.0328125 0.2078125
0 0.2609375 0.925 0.1546875 0.1078125
0 0.42421875 0.70859375 0.078125 0.1703125
0 0.49296875 0.5328125 0.10625 0.2078125
0 0.55078125 0.68203125 0.10625 0.2859375
0 0.534375 0.28515625 0.109375 0.11875
0 0.909375 0.94296875 0.103125 0.1140625
0 0.20859375 0.5640625 0.078125 0.128125