0 0.2296875 0.75703125 0.4109375 0.2921875
0 0.46171875 0.1390625 0.3421875 0.25625
0 0.72578125 0.24375 0.1625 0.4296875
0 0.8765625 0.228125 0.171875 0.4421875
0 0.8859375 0.640625 0.184375 0.346875
0 0.7078125 0.65078125 0.1796875 0.3953125
0 0.52109375 0.66484375 0.2015625 0.31875
0 0.48828125 0.38671875 0.328125 0.2734375
0 0.1046875 0.33515625 0.1625 0.546875
0 0.240625 0.36015625 0.1578125 0.50625
1 0.08515625 0.1171875 0.0703125 0.078125
1 0.23203125 0.15390625 0.078125 0.075
1 0.590625 0.06953125 0.0515625 0.0828125
1 0.6984375 0.053125 0.08125 0.0671875
1 0.83046875 0.0515625 0.075 0.08125
1 0.6140625 0.29453125 0.071875 0.1015625
1 0.07265625 0.72890625 0.084375 0.1078125
1 0.55390625 0.5484375 0.0765625 0.0890625
1 0.68515625 0.48046875 0.0796875 0.0671875
1 0.93359375 0.49921875 0.0703125 0.0828125