0 0.79140625 0.7328125 0.3984375 0.271875
0 0.50703125 0.1375 0.33125 0.240625
0 0.253125 0.2640625 0.140625 0.4234375
0 0.1015625 0.26171875 0.15 0.4375
0 0.128125 0.6734375 0.16875 0.3375
0 0.30625 0.66796875 0.159375 0.3890625
0 0.49375 0.665625 0.1859375 0.309375
0 0.5015625 0.3859375 0.315625 0.2578125
0 0.8796875 0.30078125 0.134375 0.5421875
0 0.74609375 0.3375 0.1328125 0.4984375
1 0.88203125 0.07578125 0.06875 0.06875
1 0.740625 0.1328125 0.06875 0.065625
1 0.36875 0.078125 0.059375 0.084375
1 0.2671875 0.06875 0.0625 0.059375
1 0.1296875 0.084375 0.0671875 0.0703125
1 0.36953125 0.30234375 0.065625 0.09375
1 0.94375 0.68828125 0.06875 0.10625
1 0.4546875 0.55234375 0.0703125 0.075
1 0.3140625 0.50234375 0.0671875 0.059375
1 0.0703125 0.54765625 0.0640625 0.075