0 0.7953125 0.27265625 0.403125 0.2796875
0 0.50078125 0.8625 0.334375 0.2453125
0 0.2484375 0.73125 0.146875 0.4265625
0 0.096875 0.73125 0.1578125 0.4375
0 0.13125 0.31953125 0.171875 0.340625
0 0.309375 0.328125 0.1671875 0.390625
0 0.49609375 0.334375 0.1921875 0.3125
0 0.5 0.6140625 0.3203125 0.2640625
0 0.87578125 0.70546875 0.14375 0.54375
0 0.74375 0.66640625 0.140625 0.503125
1 0.87265625 0.92421875 0.0671875 0.0765625
1 0.73046875 0.87265625 0.0765625 0.071875
1 0.36484375 0.91875 0.0484375 0.08125
1 0.25625 0.9234375 0.0796875 0.065625
1 0.12421875 0.91171875 0.0734375 0.078125
1 0.36484375 0.6921875 0.06875 0.0984375
1 0.94921875 0.3171875 0.08125 0.10625
1 0.4515625 0.44609375 0.0734375 0.0875
1 0.3140625 0.5 0.0765625 0.065625
1 0.06875 0.45546875 0.0671875 0.08125