0 0.7703125 0.75703125 0.4109375 0.2921875
0 0.53828125 0.1390625 0.3421875 0.25625
0 0.27421875 0.24375 0.1625 0.4296875
0 0.1234375 0.228125 0.171875 0.4421875
0 0.1140625 0.640625 0.184375 0.346875
0 0.2921875 0.65078125 0.1796875 0.3953125
0 0.47890625 0.66484375 0.2015625 0.31875
0 0.51171875 0.38671875 0.328125 0.2734375
0 0.8953125 0.33515625 0.1625 0.546875
0 0.759375 0.36015625 0.1578125 0.50625
1 0.91484375 0.1171875 0.0703125 0.078125
1 0.76796875 0.15390625 0.078125 0.075
1 0.409375 0.06953125 0.0515625 0.0828125
1 0.3015625 0.053125 0.08125 0.0671875
1 0.16953125 0.0515625 0.075 0.08125
1 0.3859375 0.29453125 0.071875 0.1015625
1 0.92734375 0.72890625 0.084375 0.1078125
1 0.44609375 0.5484375 0.0765625 0.0890625
1 0.31484375 0.48046875 0.0796875 0.0671875
1 0.06640625 0.49921875 0.0703125 0.0828125