0 0.27421875 0.25078125 0.1515625 0.2359375
0 0.87890625 0.84921875 0.1046875 0.1234375
0 0.16484375 0.8828125 0.0703125 0.1234375
0 0.178125 0.39296875 0.096875 0.165625
0 0.13671875 0.2125 0.08125 0.2984375
0 0.075 0.25703125 0.0671875 0.175
0 0.05078125 0.27109375 0.0734375 0.1640625
0 0.246875 0.1328125 0.090625 0.228125
0 0.34296875 0.10625 0.1125 0.171875
0 0.84375 0.9421875 0.0875 0.115625
0 0.87265625 0.53359375 0.0921875 0.2078125
0 0.71171875 0.70703125 0.0953125 0.11875
0 0.58828125 0.83984375 0.0640625 0.0703125
0 0.60625 0.7765625 0.040625 0.0875
0 0.515625 0.80859375 0.04375 0.09375
0 0.34609375 0.7265625 0.0921875 0.21875
0 0.6671875 0.2828125 0.1671875 0.1765625
0 0.42265625 0.08359375 0.1078125 0.1671875
0 0.559375 0.09921875 0.1734375 0.190625
0 0.51875 0.04921875 0.13125 0.0984375
0 0.3515625 0.49765625 0.0859375 0.2421875
0 0.29375 0.58984375 0.0609375 0.1109375
0 0.1546875 0.5359375 0.134375 0.1609375
0 0.78671875 0.275 0.09375 0.1984375
0 0.92578125 0.23984375 0.08125 0.2703125
0 0.496875 0.28359375 0.115625 0.1765625
0 0.28203125 0.9046875 0.08125 0.0796875
0 0.09921875 0.778125 0.0859375 0.1171875
0 0.03671875 0.6375 0.0734375 0.090625
0 0.03359375 0.55859375 0.0671875 0.1046875
0 0.4625 0.88359375 0.053125 0.0796875
0 0.3109375 0.9609375 0.06875 0.0625
0 0.45546875 0.61953125 0.1609375 0.0953125
0 0.565625 0.6234375 0.0859375 0.084375
0 0.72109375 0.60390625 0.0828125 0.1484375
0 0.7265625 0.521875 0.078125 0.103125
0 0.29765625 0.0234375 0.1578125 0.046875
0 0.18671875 0.140625 0.0640625 0.275
0 0.18359375 0.7296875 0.065625 0.1359375
0 0.4046875 0.6890625 0.078125 0.0734375
0 0.3015625 0.35859375 0.075 0.1640625
0 0.78046875 0.6890625 0.0578125 0.0859375
0 0.38828125 0.24296875 0.128125 0.134375
0 0.26328125 0.76875 0.090625 0.1578125
0 0.02265625 0.821875 0.0453125 0.090625
0 0.1296875 0.6890625 0.0828125 0.1296875
0 0.2671875 0.4390625 0.0859375 0.1484375
0 0.35703125 0.8859375 0.0640625 0.0859375
0 0.95859375 0.434375 0.0828125 0.175
0 0.96484375 0.08203125 0.0703125 0.1203125
0 0.978125 0.21796875 0.04375 0.2078125
0 0.71640625 0.06328125 0.15 0.1015625
0 0.56484375 0.2875 0.06875 0.16875
0 0.50546875 0.46640625 0.096875 0.2046875
0 0.43984375 0.32109375 0.0921875 0.284375
0 0.4765625 0.71640625 0.1046875 0.1140625
0 0.06640625 0.06640625 0.0953125 0.1328125
0 0.7875 0.42109375 0.071875 0.125