0 0.72578125 0.25078125 0.1515625 0.2359375
0 0.12109375 0.84921875 0.1046875 0.1234375
0 0.83515625 0.8828125 0.0703125 0.1234375
0 0.821875 0.39296875 0.096875 0.165625
0 0.86328125 0.2125 0.08125 0.2984375
0 0.925 0.25703125 0.0671875 0.175
0 0.94921875 0.27109375 0.0734375 0.1640625
0 0.753125 0.1328125 0.090625 0.228125
0 0.65703125 0.10625 0.1125 0.171875
0 0.15625 0.9421875 0.0875 0.115625
0 0.12734375 0.53359375 0.0921875 0.2078125
0 0.28828125 0.70703125 0.0953125 0.11875
0 0.41171875 0.83984375 0.0640625 0.0703125
0 0.39375 0.7765625 0.040625 0.0875
0 0.484375 0.80859375 0.04375 0.09375
0 0.65390625 0.7265625 0.0921875 0.21875
0 0.3328125 0.2828125 0.1671875 0.1765625
0 0.57734375 0.08359375 0.1078125 0.1671875
0 0.440625 0.09921875 0.1734375 0.190625
0 0.4796875 0.04921875 0.13125 0.0984375
0 0.6484375 0.49765625 0.0859375 0.2421875
0 0.70625 0.58984375 0.0609375 0.1109375
0 0.8453125 0.5359375 0.134375 0.1609375
0 0.21328125 0.275 0.09375 0.1984375
0 0.07421875 0.23984375 0.08125 0.2703125
0 0.503125 0.28359375 0.115625 0.1765625
0 0.71796875 0.9046875 0.08125 0.0796875
0 0.90078125 0.778125 0.0859375 0.1171875
0 0.9625 0.6375 0.075 0.090625
0 0.96640625 0.55859375 0.0671875 0.1046875
0 0.5375 0.88359375 0.053125 0.0796875
0 0.6890625 0.9609375 0.06875 0.0625
0 0.54453125 0.61953125 0.1609375 0.0953125
0 0.434375 0.6234375 0.0859375 0.084375
0 0.27890625 0.60390625 0.0828125 0.1484375
0 0.2734375 0.521875 0.078125 0.103125
0 0.70234375 0.0234375 0.1578125 0.046875
0 0.81328125 0.140625 0.0640625 0.275
0 0.81640625 0.7296875 0.065625 0.1359375
0 0.5953125 0.6890625 0.078125 0.0734375
0 0.6984375 0.35859375 0.075 0.1640625
0 0.21953125 0.6890625 0.0578125 0.0859375
0 0.61171875 0.24296875 0.128125 0.134375
0 0.73671875 0.76875 0.090625 0.1578125
0 0.9765625 0.821875 0.046875 0.090625
0 0.8703125 0.6890625 0.0828125 0.1296875
0 0.7328125 0.4390625 0.0859375 0.1484375
0 0.64296875 0.8859375 0.0640625 0.0859375
0 0.04140625 0.434375 0.0828125 0.175
0 0.034375 0.08203125 0.06875 0.1203125
0 0.021875 0.21796875 0.04375 0.2078125
0 0.28359375 0.06328125 0.15 0.1015625
0 0.43515625 0.2875 0.06875 0.16875
0 0.49453125 0.46640625 0.096875 0.2046875
0 0.56015625 0.32109375 0.0921875 0.284375
0 0.5234375 0.71640625 0.1046875 0.1140625
0 0.93359375 0.06640625 0.0953125 0.1328125
0 0.2125 0.42109375 0.071875 0.125