0 0.24375 0.77109375 0.4234375 0.3109375
0 0.44296875 0.1421875 0.353125 0.271875
0 0.71171875 0.23203125 0.1828125 0.434375
0 0.8609375 0.215625 0.19375 0.43125
0 0.89296875 0.6203125 0.2 0.353125
0 0.715625 0.63984375 0.1984375 0.4015625
0 0.5296875 0.66328125 0.2171875 0.3265625
0 0.48203125 0.3875 0.3390625 0.2890625
0 0.096875 0.35625 0.1890625 0.55
0 0.23359375 0.3734375 0.1828125 0.509375
1 0.065625 0.1390625 0.0734375 0.08125
1 0.21484375 0.16796875 0.0828125 0.078125
1 0.56796875 0.06484375 0.0546875 0.084375
1 0.67421875 0.04296875 0.084375 0.071875
1 0.80546875 0.03828125 0.0796875 0.0765625
1 0.603125 0.2890625 0.0765625 0.1046875
1 0.08515625 0.75078125 0.090625 0.1125
1 0.55625 0.54609375 0.0796875 0.0921875
1 0.68359375 0.47109375 0.0828125 0.071875
1 0.93359375 0.4765625 0.0734375 0.0859375