0 0.25390625 0.271875 0.146875 0.234375
0 0.9078125 0.81484375 0.103125 0.121875
0 0.19921875 0.9109375 0.06875 0.121875
0 0.16953125 0.421875 0.0953125 0.1640625
0 0.1125 0.2453125 0.0765625 0.296875
0 0.0546875 0.2953125 0.0640625 0.1734375
0 0.03359375 0.3109375 0.0671875 0.1625
0 0.215625 0.15625 0.0875 0.228125
0 0.309375 0.12109375 0.109375 0.1703125
0 0.88203125 0.91953125 0.0859375 0.1328125
0 0.87421875 0.50078125 0.0890625 0.20625
0 0.72890625 0.6875 0.09375 0.1171875
0 0.61796875 0.83046875 0.0625 0.06875
0 0.6296875 0.765625 0.0390625 0.0875
0 0.54296875 0.80546875 0.0421875 0.09375
0 0.36640625 0.7390625 0.0890625 0.2171875
0 0.64765625 0.26875 0.1640625 0.1734375
0 0.38671875 0.0890625 0.1046875 0.1734375
0 0.52421875 0.09609375 0.1703125 0.1890625
0 0.48046875 0.04921875 0.1296875 0.0984375
0 0.3515625 0.5109375 0.08125 0.2421875
0 0.30234375 0.6078125 0.0578125 0.109375
0 0.159375 0.565625 0.13125 0.159375
0 0.765625 0.25078125 0.090625 0.196875
0 0.9015625 0.20390625 0.0765625 0.26875
0 0.478125 0.28515625 0.1125 0.175
0 0.31796875 0.921875 0.08125 0.078125
0 0.125 0.81171875 0.0828125 0.115625
0 0.04609375 0.678125 0.0828125 0.0890625
0 0.0375 0.59921875 0.071875 0.103125
0 0.49609375 0.88515625 0.0515625 0.078125
0 0.35078125 0.97265625 0.0671875 0.0546875
0 0.465625 0.6234375 0.159375 0.0921875
0 0.57578125 0.6171875 0.084375 0.0828125
0 0.7296875 0.584375 0.0796875 0.1484375
0 0.72734375 0.50234375 0.0765625 0.103125
0 0.25625 0.0359375 0.15625 0.059375
0 0.15625 0.16953125 0.059375 0.275
0 0.2046875 0.75625 0.0640625 0.134375
0 0.421875 0.696875 0.078125 0.0734375
0 0.28984375 0.3765625 0.0734375 0.1625
0 0.79609375 0.6640625 0.05625 0.084375
0 0.36640625 0.25390625 0.1265625 0.1328125
0 0.2875 0.78828125 0.0875 0.15625
0 0.04296875 0.8640625 0.0640625 0.0890625
0 0.14765625 0.7203125 0.08125 0.1296875
0 0.2625 0.46015625 0.0828125 0.1484375
0 0.39140625 0.896875 0.0625 0.084375
0 0.95390625 0.3953125 0.084375 0.175
0 0.934375 0.05078125 0.084375 0.1015625
0 0.9609375 0.17734375 0.059375 0.20625
0 0.67734375 0.04765625 0.1484375 0.0953125
0 0.54609375 0.2828125 0.0671875 0.1671875
0 0.50234375 0.46640625 0.0921875 0.203125
0 0.42421875 0.3265625 0.0875 0.284375
0 0.49609375 0.7171875 0.1015625 0.1125
0 0.0375 0.09296875 0.075 0.1578125
0 0.7796875 0.39609375 0.0703125 0.1234375