0 0.084375 0.29921875 0.16875 0.4171875
0 0.23125 0.26328125 0.203125 0.4328125
0 0.3859375 0.24140625 0.2046875 0.3859375
0 0.54609375 0.18828125 0.19375 0.3703125
0 0.69296875 0.16328125 0.1734375 0.3046875
0 0.84921875 0.13828125 0.184375 0.2421875
0 0.9015625 0.62109375 0.196875 0.4421875
0 0.76328125 0.65703125 0.1921875 0.4921875
0 0.60390625 0.69453125 0.2265625 0.5203125
0 0.44921875 0.72734375 0.1984375 0.5453125
0 0.3015625 0.74375 0.209375 0.5125
0 0.15078125 0.74140625 0.2015625 0.5171875