0 0.25 0.72421875 0.1515625 0.2359375
0 0.91328125 0.1921875 0.10625 0.1234375
0 0.20625 0.084375 0.0703125 0.121875
0 0.16875 0.57265625 0.096875 0.165625
0 0.10859375 0.74765625 0.08125 0.2984375
0 0.0515625 0.696875 0.065625 0.175
0 0.0328125 0.6796875 0.065625 0.1625
0 0.21015625 0.83828125 0.0890625 0.228125
0 0.303125 0.875 0.1125 0.171875
0 0.8890625 0.08671875 0.0875 0.1328125
0 0.87421875 0.50546875 0.09375 0.2078125
0 0.73203125 0.31640625 0.09375 0.1171875
0 0.6234375 0.171875 0.065625 0.071875
0 0.634375 0.23671875 0.0390625 0.0859375
0 0.5484375 0.1953125 0.04375 0.09375
0 0.3703125 0.25859375 0.0921875 0.2171875
0 0.64375 0.73359375 0.1671875 0.1765625
0 0.37890625 0.909375 0.1078125 0.175
0 0.5171875 0.9046875 0.1734375 0.1890625
0 0.471875 0.95 0.13125 0.1
0 0.35234375 0.48671875 0.084375 0.2421875
0 0.30390625 0.3890625 0.059375 0.1109375
0 0.16015625 0.428125 0.134375 0.1609375
0 0.7609375 0.75390625 0.09375 0.1984375
0 0.89609375 0.803125 0.08125 0.2703125
0 0.475 0.71484375 0.115625 0.1765625
0 0.325 0.075 0.08125 0.0796875
0 0.13046875 0.18203125 0.084375 0.1171875
0 0.04921875 0.31328125 0.084375 0.0890625
0 0.0390625 0.39296875 0.0734375 0.103125
0 0.503125 0.11484375 0.0515625 0.0796875
0 0.359375 0.0265625 0.06875 0.053125
0 0.46796875 0.3765625 0.159375 0.0953125
0 0.578125 0.384375 0.0859375 0.084375
0 0.73125 0.41953125 0.0828125 0.146875
0 0.72734375 0.5015625 0.078125 0.1015625
0 0.2484375 0.96015625 0.1578125 0.0625
0 0.15078125 0.82421875 0.0640625 0.2734375
0 0.209375 0.23828125 0.065625 0.1359375
0 0.425 0.30234375 0.0796875 0.0765625
0 0.28828125 0.61953125 0.075 0.1640625
0 0.7984375 0.34140625 0.05625 0.0859375
0 0.36171875 0.74375 0.128125 0.1328125
0 0.2921875 0.20859375 0.090625 0.1578125
0 0.04921875 0.128125 0.065625 0.0890625
0 0.1515625 0.2734375 0.0828125 0.128125
0 0.26171875 0.5359375 0.0859375 0.146875
0 0.3984375 0.10078125 0.0640625 0.0859375
0 0.9515625 0.6125 0.0859375 0.175
0 0.92734375 0.95234375 0.0859375 0.0953125
0 0.95546875 0.83046875 0.0609375 0.2046875
0 0.66875 0.953125 0.15 0.09375
0 0.5421875 0.71796875 0.06875 0.16875
0 0.50234375 0.53359375 0.096875 0.2046875
0 0.42109375 0.671875 0.0921875 0.2828125
0 0.5 0.2828125 0.1046875 0.1140625
0 0.034375 0.8984375 0.06875 0.159375
0 0.77734375 0.60859375 0.071875 0.125