0 0.80234375 0.69453125 0.3953125 0.3171875
0 0.4625 0.1390625 0.35625 0.278125
0 0.22578125 0.29609375 0.190625 0.4359375
0 0.0875 0.3109375 0.175 0.45
0 0.1515625 0.71796875 0.2078125 0.353125
0 0.328125 0.690625 0.2046875 0.403125
0 0.5140625 0.665625 0.221875 0.328125
0 0.48828125 0.38671875 0.34375 0.29375
0 0.85234375 0.26640625 0.1984375 0.5328125
0 0.725 0.309375 0.190625 0.509375
1 0.82734375 0.03515625 0.0765625 0.0703125
1 0.69375 0.10625 0.075 0.0734375
1 0.31796875 0.096875 0.0703125 0.090625
1 0.21640625 0.10078125 0.06875 0.065625
1 0.08125 0.1328125 0.075 0.0765625
1 0.34609375 0.31953125 0.075 0.1015625
1 0.9609375 0.63203125 0.078125 0.1140625
1 0.46171875 0.5578125 0.078125 0.0828125
1 0.315625 0.525 0.0734375 0.0671875
1 0.07890625 0.59921875 0.0734375 0.0828125