0 0.7875 0.7375 0.39375 0.265625
0 0.51328125 0.1375 0.3265625 0.234375
0 0.25703125 0.26015625 0.1328125 0.421875
0 0.10546875 0.2546875 0.1421875 0.434375
0 0.125 0.6671875 0.1625 0.334375
0 0.303125 0.66484375 0.153125 0.3859375
0 0.490625 0.665625 0.18125 0.30625
0 0.50390625 0.3859375 0.3109375 0.253125
0 0.8828125 0.3078125 0.125 0.540625
0 0.74921875 0.3421875 0.1234375 0.496875
1 0.93984375 0.703125 0.053125 0.09375
1 0.88828125 0.08828125 0.05625 0.078125
1 0.74453125 0.13828125 0.0625 0.06875
1 0.3671875 0.30078125 0.05625 0.0859375
1 0.3125 0.49765625 0.078125 0.046875
1 0.07265625 0.54453125 0.0625 0.0625
1 0.453125 0.546875 0.053125 0.053125
1 0.38046875 0.0765625 0.053125 0.059375
1 0.28125 0.06484375 0.0625 0.0625
1 0.13515625 0.07578125 0.06875 0.071875