0 0.253125 0.2203125 0.4296875 0.3234375
0 0.43046875 0.85625 0.359375 0.2828125
0 0.70234375 0.775 0.196875 0.4375
0 0.85078125 0.7890625 0.2078125 0.421875
0 0.8953125 0.39375 0.209375 0.35625
0 0.7203125 0.36796875 0.2109375 0.4046875
0 0.53515625 0.3375 0.2265625 0.33125
0 0.478125 0.61171875 0.346875 0.2984375
0 0.09765625 0.62890625 0.1953125 0.5515625
0 0.22890625 0.6171875 0.2 0.5109375
1 0.053125 0.8453125 0.075 0.0828125
1 0.203125 0.821875 0.084375 0.0796875
1 0.55234375 0.93671875 0.0578125 0.0859375
1 0.65859375 0.9625 0.0859375 0.0734375
1 0.7890625 0.96640625 0.08125 0.0671875
1 0.59609375 0.71484375 0.0796875 0.10625
1 0.09453125 0.23515625 0.09375 0.1140625
1 0.5578125 0.45625 0.0828125 0.09375
1 0.6828125 0.53515625 0.084375 0.0734375
1 0.93203125 0.53828125 0.0765625 0.0875