0 0.75390625 0.28046875 0.1546875 0.2390625
0 0.08125 0.80078125 0.10625 0.125
0 0.7859375 0.92109375 0.071875 0.125
0 0.8328125 0.43359375 0.1 0.1671875
0 0.89609375 0.259375 0.0859375 0.2984375
0 0.9515625 0.3109375 0.0703125 0.175
0 0.96796875 0.328125 0.0640625 0.165625
0 0.79609375 0.16640625 0.0953125 0.2296875
0 0.70390625 0.128125 0.1140625 0.1734375
0 0.103125 0.90625 0.090625 0.134375
0 0.12578125 0.48828125 0.0953125 0.2078125
0 0.26484375 0.6796875 0.096875 0.1203125
0 0.3703125 0.82578125 0.065625 0.071875
0 0.3609375 0.7609375 0.0421875 0.0875
0 0.446875 0.80390625 0.0453125 0.0953125
0 0.62578125 0.74375 0.0953125 0.21875
0 0.3609375 0.2640625 0.16875 0.1796875
0 0.628125 0.09296875 0.109375 0.1765625
0 0.48984375 0.09609375 0.1765625 0.1921875
0 0.53515625 0.05078125 0.1328125 0.1015625
0 0.64765625 0.515625 0.090625 0.24375
0 0.69375 0.61484375 0.0625 0.1109375
0 0.83828125 0.57734375 0.1375 0.1625
0 0.24296875 0.24140625 0.0984375 0.1984375
0 0.10859375 0.18984375 0.0859375 0.271875
0 0.52890625 0.2859375 0.11875 0.178125
0 0.6671875 0.928125 0.0828125 0.0796875
0 0.8640625 0.825 0.0875 0.1171875
0 0.94765625 0.69453125 0.0859375 0.090625
0 0.95859375 0.61484375 0.075 0.10625
0 0.490625 0.88515625 0.053125 0.0796875
0 0.63046875 0.97421875 0.0703125 0.0515625
0 0.5296875 0.62421875 0.1625 0.0984375
0 0.4203125 0.6140625 0.0859375 0.0859375
0 0.2671875 0.57578125 0.084375 0.15
0 0.27265625 0.49453125 0.0796875 0.1046875
0 0.759375 0.04453125 0.1578125 0.065625
0 0.85546875 0.18203125 0.06875 0.2765625
0 0.7859375 0.76640625 0.06875 0.1359375
0 0.57109375 0.69921875 0.0796875 0.075
0 0.7140625 0.384375 0.078125 0.165625
0 0.1984375 0.65390625 0.059375 0.0859375
0 0.6421875 0.25859375 0.13125 0.1359375
0 0.70234375 0.7953125 0.09375 0.1578125
0 0.94375 0.8796875 0.0671875 0.0921875
0 0.84453125 0.7328125 0.0859375 0.13125
0 0.7390625 0.46796875 0.0875 0.15
0 0.5953125 0.90078125 0.065625 0.0875
0 0.05 0.37890625 0.090625 0.1765625
0 0.08125 0.04375 0.0875 0.0875
0 0.05078125 0.16171875 0.065625 0.2078125
0 0.33828125 0.0453125 0.1515625 0.090625
0 0.4609375 0.28125 0.071875 0.16875
0 0.4984375 0.46640625 0.1 0.20625
0 0.58125 0.3296875 0.096875 0.2859375
0 0.496875 0.7171875 0.10625 0.115625
0 0.9671875 0.11015625 0.065625 0.1609375
0 0.22421875 0.38671875 0.0734375 0.1265625