0 0.1984375 0.29921875 0.396875 0.3109375
0 0.53125 0.86171875 0.353125 0.271875
0 0.7703125 0.70859375 0.1828125 0.434375
0 0.9125 0.69453125 0.175 0.4484375
0 0.8515625 0.28828125 0.2015625 0.3515625
0 0.675 0.3125 0.1984375 0.4015625
0 0.4890625 0.334375 0.2171875 0.3265625
0 0.51015625 0.6140625 0.3390625 0.2890625
0 0.14375 0.73046875 0.190625 0.5390625
0 0.271875 0.68671875 0.1828125 0.5078125
1 0.16484375 0.96171875 0.075 0.075
1 0.29921875 0.890625 0.075 0.071875
1 0.675 0.90625 0.06875 0.090625
1 0.7765625 0.9046875 0.0671875 0.0640625
1 0.91171875 0.87421875 0.0734375 0.0765625
1 0.65078125 0.6828125 0.0734375 0.1
1 0.0390625 0.359375 0.078125 0.1125
1 0.53984375 0.44296875 0.0765625 0.0828125
1 0.684375 0.478125 0.0734375 0.065625
1 0.92265625 0.4078125 0.071875 0.08125