0 0.7875 0.7375 0.39375 0.265625
0 0.51328125 0.1375 0.3265625 0.234375
0 0.25703125 0.26015625 0.1328125 0.421875
0 0.10546875 0.2546875 0.1421875 0.4328125
0 0.125 0.6671875 0.1609375 0.3359375
0 0.303125 0.66484375 0.153125 0.3859375
0 0.490625 0.665625 0.18125 0.30625
0 0.50390625 0.3859375 0.3109375 0.253125
0 0.8828125 0.3078125 0.125 0.5390625
0 0.74921875 0.3421875 0.1234375 0.4984375
1 0.8875 0.0890625 0.065625 0.075
1 0.74296875 0.1359375 0.075 0.06875
1 0.3796875 0.0765625 0.046875 0.0796875
1 0.27109375 0.06796875 0.078125 0.0625
1 0.1390625 0.07578125 0.0703125 0.075
1 0.371875 0.303125 0.065625 0.096875
1 0.9421875 0.6984375 0.078125 0.103125
1 0.45 0.55234375 0.0703125 0.084375
1 0.3140625 0.49375 0.075 0.0625
1 0.0671875 0.5296875 0.065625 0.078125