0 0.2125 0.7375 0.39375 0.265625
0 0.48671875 0.1375 0.3265625 0.234375
0 0.74296875 0.26015625 0.1328125 0.421875
0 0.89453125 0.2546875 0.1421875 0.4328125
0 0.875 0.6671875 0.1609375 0.3359375
0 0.696875 0.66484375 0.153125 0.3859375
0 0.509375 0.665625 0.18125 0.30625
0 0.49609375 0.3859375 0.3109375 0.253125
0 0.1171875 0.3078125 0.125 0.5390625
0 0.25078125 0.3421875 0.1234375 0.4984375
1 0.1125 0.0890625 0.06484375 0.07421875
1 0.25703125 0.1359375 0.07421875 0.06953125
1 0.6203125 0.0765625 0.04609375 0.0796875
1 0.72890625 0.06796875 0.07734375 0.0625
1 0.8609375 0.07578125 0.0703125 0.07578125
1 0.628125 0.303125 0.065625 0.096875
1 0.0578125 0.6984375 0.078125 0.103125
1 0.55 0.55234375 0.0703125 0.084375
1 0.6859375 0.49375 0.075 0.0625
1 0.9328125 0.5296875 0.06484375 0.07890625