0 0.0859375 0.715625 0.16875 0.4140625
0 0.23984375 0.74609375 0.1890625 0.4296875
0 0.39453125 0.7625 0.1921875 0.3828125
0 0.55703125 0.81015625 0.18125 0.365625
0 0.7046875 0.8296875 0.1640625 0.3015625
0 0.86171875 0.84921875 0.1765625 0.2390625
0 0.903125 0.36484375 0.19375 0.4390625
0 0.7578125 0.33359375 0.1765625 0.490625
0 0.596875 0.30234375 0.209375 0.5171875
0 0.44140625 0.27265625 0.1796875 0.5453125
0 0.2921875 0.25859375 0.190625 0.5171875
0 0.14296875 0.26328125 0.1828125 0.5265625