0 0.296875 0.2328125 0.1703125 0.246875
0 0.846875 0.88125 0.1140625 0.13125
0 0.1328125 0.85234375 0.0796875 0.128125
0 0.18828125 0.365625 0.1109375 0.171875
0 0.1625 0.18203125 0.10625 0.3015625
0 0.09765625 0.22109375 0.08125 0.178125
0 0.071875 0.2328125 0.0875 0.16875
0 0.27890625 0.11484375 0.1109375 0.2296875
0 0.378125 0.09375 0.125 0.1796875
0 0.80234375 0.9546875 0.0984375 0.090625
0 0.86875 0.565625 0.109375 0.2125
0 0.6921875 0.72421875 0.1046875 0.125
0 0.55859375 0.84609375 0.0703125 0.075
0 0.58125 0.784375 0.046875 0.090625
0 0.4890625 0.80859375 0.0515625 0.096875
0 0.3265625 0.7125 0.1109375 0.2234375
0 0.68515625 0.2984375 0.1796875 0.1890625
0 0.459375 0.0828125 0.121875 0.165625
0 0.59375 0.10625 0.1875 0.203125
0 0.55859375 0.05390625 0.1390625 0.1078125
0 0.35234375 0.484375 0.10625 0.246875
0 0.28671875 0.571875 0.06875 0.1140625
0 0.153125 0.50546875 0.146875 0.1703125
0 0.8046875 0.30078125 0.1109375 0.203125
0 0.946875 0.278125 0.103125 0.2734375
0 0.51640625 0.284375 0.1296875 0.184375
0 0.246875 0.884375 0.0875 0.084375
0 0.0765625 0.7421875 0.0953125 0.121875
0 0.03359375 0.596875 0.0671875 0.096875
0 0.034375 0.5171875 0.06875 0.109375
0 0.4296875 0.87890625 0.059375 0.0828125
0 0.27109375 0.94296875 0.0734375 0.0671875
0 0.4453125 0.615625 0.1671875 0.1078125
0 0.5546875 0.628125 0.0921875 0.090625
0 0.71171875 0.62265625 0.09375 0.1546875
0 0.7234375 0.54140625 0.0859375 0.109375
0 0.33984375 0.01875 0.1609375 0.0375
0 0.21875 0.1265625 0.0875 0.253125
0 0.16484375 0.7015625 0.0765625 0.1390625
0 0.3890625 0.6796875 0.084375 0.0796875
0 0.31484375 0.3421875 0.0890625 0.16875
0 0.7625 0.7125 0.0640625 0.0890625
0 0.4109375 0.234375 0.1390625 0.14375
0 0.240625 0.746875 0.103125 0.1625
0 0.0109375 0.77890625 0.021875 0.0953125
0 0.1140625 0.65546875 0.09375 0.1359375
0 0.2734375 0.41953125 0.096875 0.1546875
0 0.32421875 0.871875 0.0703125 0.090625
0 0.95703125 0.475 0.0859375 0.18125
0 0.9796875 0.125 0.040625 0.125
0 0.98515625 0.2625 0.0296875 0.209375
0 0.753125 0.08359375 0.15625 0.1125
0 0.58359375 0.29375 0.0828125 0.171875
0 0.50859375 0.4671875 0.1125 0.209375
0 0.45546875 0.31640625 0.1171875 0.2890625
0 0.4578125 0.71328125 0.1125 0.121875
0 0.10703125 0.05 0.1078125 0.1
0 0.79296875 0.446875 0.08125 0.1296875