0 0.24609375 0.28046875 0.1546875 0.2390625
0 0.91875 0.80078125 0.10625 0.125
0 0.2140625 0.92109375 0.071875 0.125
0 0.1671875 0.43359375 0.1 0.1671875
0 0.10390625 0.259375 0.0859375 0.2984375
0 0.0484375 0.3109375 0.0703125 0.175
0 0.03203125 0.328125 0.0640625 0.165625
0 0.20390625 0.16640625 0.0953125 0.2296875
0 0.29609375 0.128125 0.1140625 0.1734375
0 0.896875 0.90625 0.090625 0.134375
0 0.87421875 0.48828125 0.0953125 0.2078125
0 0.73515625 0.6796875 0.096875 0.1203125
0 0.6296875 0.82578125 0.065625 0.071875
0 0.6390625 0.7609375 0.0421875 0.0875
0 0.553125 0.80390625 0.0453125 0.0953125
0 0.37421875 0.74375 0.0953125 0.21875
0 0.6390625 0.2640625 0.16875 0.1796875
0 0.371875 0.09296875 0.109375 0.1765625
0 0.51015625 0.09609375 0.1765625 0.1921875
0 0.46484375 0.05078125 0.1328125 0.1015625
0 0.35234375 0.515625 0.090625 0.24375
0 0.30625 0.61484375 0.0625 0.1109375
0 0.16171875 0.57734375 0.1375 0.1625
0 0.75703125 0.24140625 0.0984375 0.1984375
0 0.89140625 0.18984375 0.0859375 0.271875
0 0.47109375 0.2859375 0.11875 0.178125
0 0.3328125 0.928125 0.0828125 0.0796875
0 0.1359375 0.825 0.0875 0.1171875
0 0.05234375 0.69453125 0.0859375 0.090625
0 0.04140625 0.61484375 0.075 0.10625
0 0.509375 0.88515625 0.053125 0.0796875
0 0.36796875 0.97421875 0.0703125 0.0515625
0 0.4703125 0.62421875 0.1625 0.0984375
0 0.5796875 0.6140625 0.0859375 0.0859375
0 0.7328125 0.57578125 0.084375 0.15
0 0.72734375 0.49453125 0.0796875 0.1046875
0 0.240625 0.04453125 0.1578125 0.065625
0 0.14453125 0.18203125 0.06875 0.2765625
0 0.2140625 0.76640625 0.06875 0.1359375
0 0.42890625 0.69921875 0.0796875 0.075
0 0.2859375 0.384375 0.078125 0.165625
0 0.8015625 0.65390625 0.059375 0.0859375
0 0.3578125 0.25859375 0.13125 0.1359375
0 0.29765625 0.7953125 0.09375 0.1578125
0 0.05625 0.8796875 0.0671875 0.0921875
0 0.15546875 0.7328125 0.0859375 0.13125
0 0.2609375 0.46796875 0.0875 0.15
0 0.4046875 0.90078125 0.065625 0.0875
0 0.95 0.37890625 0.090625 0.1765625
0 0.91875 0.04375 0.0875 0.0875
0 0.94921875 0.16171875 0.065625 0.2078125
0 0.66015625 0.0453125 0.1515625 0.090625
0 0.5390625 0.28125 0.071875 0.16875
0 0.5015625 0.46640625 0.1 0.20625
0 0.41875 0.3296875 0.096875 0.2859375
0 0.503125 0.7171875 0.10625 0.115625
0 0.03203125 0.11015625 0.0640625 0.1609375
0 0.77578125 0.38671875 0.0734375 0.1265625