0 0.74609375 0.271875 0.146875 0.234375
0 0.0921875 0.81484375 0.1046875 0.121875
0 0.80078125 0.9109375 0.06875 0.1203125
0 0.83046875 0.421875 0.0953125 0.1640625
0 0.8875 0.2453125 0.0765625 0.296875
0 0.9453125 0.2953125 0.0625 0.1734375
0 0.965625 0.31171875 0.06875 0.1609375
0 0.784375 0.15625 0.0859375 0.228125
0 0.690625 0.12109375 0.109375 0.1703125
0 0.11796875 0.91953125 0.0859375 0.13125
0 0.12578125 0.50078125 0.090625 0.20625
0 0.27109375 0.6875 0.090625 0.115625
0 0.38203125 0.83046875 0.065625 0.0703125
0 0.3703125 0.765625 0.0375 0.0859375
0 0.45703125 0.80546875 0.0421875 0.09375
0 0.63359375 0.7390625 0.0890625 0.215625
0 0.35234375 0.26875 0.1640625 0.1734375
0 0.61328125 0.0890625 0.1046875 0.1734375
0 0.47578125 0.09609375 0.1703125 0.1875
0 0.51953125 0.04921875 0.1296875 0.0984375
0 0.6484375 0.5109375 0.0796875 0.2421875
0 0.69765625 0.6078125 0.05625 0.109375
0 0.840625 0.565625 0.13125 0.159375
0 0.234375 0.25078125 0.090625 0.196875
0 0.0984375 0.20390625 0.0765625 0.26875
0 0.521875 0.28515625 0.1125 0.175
0 0.68203125 0.921875 0.08125 0.078125
0 0.875 0.81171875 0.08125 0.115625
0 0.95390625 0.678125 0.0828125 0.0875
0 0.9625 0.59921875 0.071875 0.1015625
0 0.50390625 0.88515625 0.05 0.078125
0 0.64765625 0.97265625 0.0671875 0.0546875
0 0.534375 0.6234375 0.1578125 0.0921875
0 0.42421875 0.6171875 0.084375 0.0828125
0 0.2703125 0.584375 0.0796875 0.146875
0 0.27265625 0.50234375 0.0765625 0.1015625
0 0.74375 0.0359375 0.15625 0.059375
0 0.84375 0.16953125 0.059375 0.2734375
0 0.7953125 0.75625 0.0640625 0.134375
0 0.578125 0.696875 0.0796875 0.075
0 0.71015625 0.3765625 0.0734375 0.1625
0 0.20390625 0.6640625 0.0546875 0.084375
0 0.63359375 0.25390625 0.1265625 0.13125
0 0.7125 0.78828125 0.0875 0.15625
0 0.95703125 0.8640625 0.0640625 0.0875
0 0.85234375 0.7203125 0.08125 0.128125
0 0.7375 0.46015625 0.0828125 0.146875
0 0.60859375 0.896875 0.0625 0.084375
0 0.04609375 0.3953125 0.0828125 0.175
0 0.0640625 0.05078125 0.084375 0.1015625
0 0.0390625 0.17734375 0.0578125 0.2046875
0 0.32265625 0.04765625 0.1484375 0.0953125
0 0.45390625 0.2828125 0.0671875 0.1671875
0 0.49765625 0.46640625 0.0921875 0.203125
0 0.57578125 0.3265625 0.0875 0.2828125
0 0.50390625 0.7171875 0.1015625 0.1125
0 0.9625 0.09296875 0.075 0.1578125
0 0.2203125 0.39609375 0.0703125 0.1234375