0 0.22109375 0.25234375 0.403125 0.2796875
0 0.47421875 0.86171875 0.334375 0.2453125
0 0.734375 0.7484375 0.146875 0.4265625
0 0.8859375 0.75859375 0.1578125 0.4390625
0 0.88046875 0.34609375 0.1734375 0.3390625
0 0.70234375 0.3421875 0.1671875 0.390625
0 0.51484375 0.33515625 0.1921875 0.3125
0 0.4921875 0.6140625 0.3203125 0.2640625
0 0.1109375 0.67890625 0.14375 0.5453125
0 0.2453125 0.64921875 0.140625 0.5015625
1 0.0671875 0.28203125 0.05625 0.0953125
1 0.09765625 0.89765625 0.059375 0.0796875
1 0.24296875 0.853125 0.0640625 0.0703125
1 0.62578125 0.70390625 0.059375 0.0875
1 0.6875 0.50859375 0.0796875 0.05
1 0.92890625 0.4703125 0.0640625 0.0640625
1 0.5484375 0.4546875 0.0546875 0.0546875
1 0.6046875 0.92734375 0.0546875 0.0625
1 0.703125 0.9421875 0.0640625 0.0640625
1 0.85 0.93671875 0.0703125 0.075