0 0.79765625 0.72109375 0.4046875 0.2859375
0 0.49453125 0.1375 0.3390625 0.2515625
0 0.24453125 0.2734375 0.1546875 0.428125
0 0.09296875 0.27578125 0.1640625 0.440625
0 0.134375 0.68671875 0.1796875 0.3421875
0 0.31171875 0.675 0.1734375 0.39375
0 0.49921875 0.665625 0.196875 0.315625
0 0.49765625 0.3859375 0.3234375 0.26875
0 0.871875 0.28828125 0.153125 0.546875
0 0.740625 0.3296875 0.15 0.503125
1 0.86640625 0.06328125 0.0703125 0.0703125
1 0.72734375 0.12421875 0.0703125 0.06875
1 0.35390625 0.0828125 0.0625 0.0859375
1 0.25234375 0.07734375 0.0640625 0.0609375
1 0.11484375 0.09765625 0.06875 0.071875
1 0.3625 0.30703125 0.06875 0.096875
1 0.95 0.67265625 0.071875 0.109375
1 0.45703125 0.55390625 0.071875 0.078125
1 0.3140625 0.50859375 0.06875 0.0625
1 0.071875 0.5625 0.0671875 0.078125