0 0.28359375 0.24375 0.1578125 0.240625
0 0.86640625 0.8625 0.109375 0.1265625
0 0.1515625 0.87109375 0.0734375 0.1234375
0 0.18203125 0.38203125 0.103125 0.16875
0 0.146875 0.2 0.090625 0.3
0 0.08359375 0.2421875 0.0703125 0.1765625
0 0.05859375 0.25625 0.0796875 0.1640625
0 0.26015625 0.12421875 0.096875 0.23125
0 0.35703125 0.10078125 0.1171875 0.175
0 0.82734375 0.94765625 0.0921875 0.1046875
0 0.871875 0.546875 0.1 0.209375
0 0.70390625 0.7140625 0.096875 0.1203125
0 0.5765625 0.8421875 0.06875 0.0734375
0 0.59609375 0.7796875 0.0421875 0.0875
0 0.50546875 0.80859375 0.046875 0.0953125
0 0.33828125 0.72109375 0.1 0.21875
0 0.67421875 0.28828125 0.171875 0.18125
0 0.4375 0.08359375 0.1125 0.1671875
0 0.5734375 0.1015625 0.1796875 0.1953125
0 0.534375 0.05078125 0.134375 0.1015625
0 0.3515625 0.4921875 0.0921875 0.24375
0 0.290625 0.5828125 0.0625 0.1125
0 0.15390625 0.5234375 0.1390625 0.165625
0 0.79375 0.28515625 0.1015625 0.2
0 0.934375 0.2546875 0.090625 0.271875
0 0.5046875 0.28359375 0.1203125 0.18125
0 0.26796875 0.896875 0.084375 0.08125
0 0.08984375 0.76328125 0.0875 0.11875
0 0.03515625 0.621875 0.0703125 0.090625
0 0.03359375 0.5421875 0.0671875 0.10625
0 0.44921875 0.88203125 0.053125 0.0796875
0 0.29453125 0.95390625 0.0703125 0.065625
0 0.4515625 0.61796875 0.1625 0.1
0 0.5609375 0.625 0.0875 0.0859375
0 0.71796875 0.61171875 0.0875 0.15
0 0.72578125 0.5296875 0.08125 0.1046875
0 0.3140625 0.02109375 0.159375 0.0421875
0 0.19921875 0.13359375 0.0734375 0.2671875
0 0.17578125 0.71875 0.0703125 0.1375
0 0.3984375 0.6859375 0.0828125 0.078125
0 0.30703125 0.35234375 0.08125 0.165625
0 0.7734375 0.6984375 0.0578125 0.0875
0 0.39765625 0.2390625 0.1328125 0.1359375
0 0.25390625 0.76015625 0.0953125 0.159375
0 0.01796875 0.8046875 0.0359375 0.090625
0 0.1234375 0.67578125 0.0875 0.13125
0 0.26953125 0.43125 0.090625 0.15
0 0.34375 0.88046875 0.065625 0.0875
0 0.95859375 0.45 0.0828125 0.178125
0 0.97109375 0.0984375 0.0578125 0.121875
0 0.98125 0.2359375 0.0375 0.20625
0 0.73125 0.07109375 0.153125 0.10625
0 0.57265625 0.28984375 0.075 0.1703125
0 0.50703125 0.4671875 0.103125 0.20625
0 0.44609375 0.31875 0.1015625 0.2859375
0 0.46953125 0.715625 0.1078125 0.1171875
0 0.08125 0.06015625 0.1 0.1203125
0 0.78984375 0.43125 0.0765625 0.1265625