0 0.7578125 0.71484375 0.1578125 0.240625
0 0.07578125 0.20703125 0.1078125 0.1265625
0 0.77890625 0.07421875 0.075 0.125
0 0.83359375 0.5609375 0.103125 0.16875
0 0.9 0.734375 0.090625 0.3
0 0.9546875 0.68125 0.071875 0.1765625
0 0.96875 0.6640625 0.0625 0.165625
0 0.8015625 0.828125 0.0984375 0.23125
0 0.71015625 0.86796875 0.1171875 0.175
0 0.096875 0.10078125 0.0921875 0.1359375
0 0.12578125 0.51875 0.0984375 0.209375
0 0.26171875 0.325 0.0984375 0.121875
0 0.36484375 0.17578125 0.0671875 0.071875
0 0.35625 0.24140625 0.04375 0.0890625
0 0.44140625 0.196875 0.046875 0.0953125
0 0.62109375 0.25390625 0.1 0.2203125
0 0.36484375 0.73828125 0.171875 0.18125
0 0.63515625 0.9046875 0.1125 0.178125
0 0.49609375 0.903125 0.1796875 0.19375
0 0.5421875 0.9484375 0.134375 0.103125
0 0.64765625 0.48125 0.09375 0.2453125
0 0.6921875 0.38203125 0.0640625 0.1125
0 0.83671875 0.41640625 0.1390625 0.165625
0 0.24765625 0.7625 0.1015625 0.2
0 0.1140625 0.8171875 0.090625 0.271875
0 0.5328125 0.71328125 0.1203125 0.18125
0 0.66015625 0.06875 0.084375 0.08125
0 0.85859375 0.16875 0.0890625 0.11875
0 0.94453125 0.29765625 0.0875 0.0921875
0 0.95625 0.3765625 0.0765625 0.1078125
0 0.48359375 0.11484375 0.0546875 0.08125
0 0.62265625 0.025 0.0703125 0.05
0 0.52734375 0.375 0.1640625 0.1015625
0 0.41796875 0.3875 0.0875 0.0859375
0 0.26640625 0.428125 0.0875 0.1515625
0 0.27265625 0.509375 0.08125 0.10625
0 0.76796875 0.95078125 0.159375 0.0671875
0 0.8609375 0.81171875 0.0734375 0.2765625
0 0.78125 0.228125 0.0703125 0.1375
0 0.56796875 0.29921875 0.08125 0.0765625
0 0.71640625 0.61171875 0.08125 0.165625
0 0.19609375 0.3515625 0.059375 0.0875
0 0.64609375 0.7390625 0.1328125 0.1375
0 0.69765625 0.2015625 0.0953125 0.159375
0 0.9375 0.1125 0.06875 0.0921875
0 0.840625 0.26171875 0.0875 0.1328125
0 0.7390625 0.52734375 0.090625 0.1515625
0 0.58828125 0.09765625 0.065625 0.0875
0 0.05234375 0.62890625 0.0921875 0.178125
0 0.08984375 0.959375 0.0890625 0.08125
0 0.05625 0.84609375 0.06875 0.2078125
0 0.346875 0.9546875 0.153125 0.090625
0 0.46484375 0.71953125 0.075 0.1703125
0 0.49921875 0.53359375 0.103125 0.20625
0 0.584375 0.66875 0.1015625 0.2875
0 0.49296875 0.2828125 0.1078125 0.1171875
0 0.9703125 0.88125 0.059375 0.1625
0 0.2265625 0.61796875 0.0765625 0.1265625