0 0.7125 0.23984375 0.1625 0.2421875
0 0.13984375 0.86875 0.1109375 0.128125
0 0.8546875 0.86484375 0.0765625 0.1265625
0 0.81640625 0.3765625 0.1046875 0.16875
0 0.84765625 0.19375 0.096875 0.3
0 0.91171875 0.23515625 0.075 0.1765625
0 0.93671875 0.2484375 0.0828125 0.1671875
0 0.73359375 0.1203125 0.103125 0.2328125
0 0.6359375 0.0984375 0.1203125 0.1765625
0 0.1796875 0.95 0.09375 0.1
0 0.1296875 0.553125 0.1015625 0.2109375
0 0.3 0.7171875 0.1 0.1234375
0 0.42890625 0.84375 0.0671875 0.0734375
0 0.40859375 0.78125 0.0453125 0.0890625
0 0.5 0.80859375 0.0484375 0.0953125
0 0.665625 0.71796875 0.103125 0.221875
0 0.321875 0.29140625 0.175 0.184375
0 0.5546875 0.08359375 0.115625 0.1671875
0 0.41953125 0.103125 0.1828125 0.1984375
0 0.45703125 0.0515625 0.1359375 0.103125
0 0.6484375 0.48984375 0.0984375 0.2453125
0 0.7109375 0.57890625 0.065625 0.1125
0 0.846875 0.51796875 0.1421875 0.1671875
0 0.20234375 0.28984375 0.1046875 0.2015625
0 0.0609375 0.2625 0.0953125 0.2734375
0 0.49140625 0.284375 0.1234375 0.1828125
0 0.7390625 0.89296875 0.0859375 0.0828125
0 0.91484375 0.75625 0.090625 0.1203125
0 0.965625 0.6125 0.06875 0.09375
0 0.965625 0.53359375 0.06875 0.1078125
0 0.55703125 0.88125 0.05625 0.08125
0 0.71328125 0.95078125 0.071875 0.065625
0 0.55078125 0.6171875 0.1640625 0.103125
0 0.440625 0.6265625 0.0890625 0.0875
0 0.284375 0.615625 0.0890625 0.153125
0 0.275 0.53359375 0.0828125 0.1078125
0 0.6765625 0.0203125 0.159375 0.040625
0 0.79375 0.13125 0.078125 0.2625
0 0.828125 0.71328125 0.0734375 0.1390625
0 0.6046875 0.68359375 0.08125 0.078125
0 0.690625 0.3484375 0.084375 0.1671875
0 0.2296875 0.70390625 0.0609375 0.0875
0 0.5984375 0.2375 0.134375 0.140625
0 0.75078125 0.75546875 0.0984375 0.1609375
0 0.98359375 0.796875 0.0328125 0.09375
0 0.8796875 0.66875 0.0890625 0.134375
0 0.7296875 0.42734375 0.0921875 0.153125
0 0.66328125 0.878125 0.0671875 0.0890625
0 0.04140625 0.45859375 0.0828125 0.1796875
0 0.025 0.10703125 0.05 0.1234375
0 0.0171875 0.24375 0.034375 0.209375
0 0.2609375 0.075 0.1546875 0.1078125
0 0.42421875 0.29140625 0.078125 0.1703125
0 0.49296875 0.4671875 0.10625 0.2078125
0 0.55078125 0.31796875 0.1078125 0.2875
0 0.534375 0.71484375 0.109375 0.11875
0 0.909375 0.05625 0.103125 0.1125
0 0.20859375 0.4359375 0.078125 0.128125