0 0.7421875 0.2671875 0.14375 0.2328125
0 0.09765625 0.821875 0.1015625 0.1203125
0 0.8078125 0.90546875 0.065625 0.1203125
0 0.82890625 0.415625 0.0921875 0.1625
0 0.8828125 0.23828125 0.0703125 0.296875
0 0.94140625 0.2875 0.059375 0.1734375
0 0.9640625 0.303125 0.06875 0.1609375
0 0.778125 0.1515625 0.0828125 0.2265625
0 0.684375 0.11796875 0.10625 0.16875
0 0.125 0.9265625 0.0828125 0.1296875
0 0.12578125 0.5078125 0.0859375 0.2046875
0 0.275 0.69140625 0.0890625 0.1140625
0 0.38828125 0.8328125 0.0640625 0.0703125
0 0.375 0.76796875 0.0359375 0.084375
0 0.4625 0.80625 0.040625 0.0921875
0 0.63828125 0.73671875 0.084375 0.2140625
0 0.3484375 0.271875 0.1609375 0.171875
0 0.60625 0.08671875 0.1015625 0.171875
0 0.46875 0.09609375 0.1671875 0.184375
0 0.51171875 0.0484375 0.128125 0.0953125
0 0.6484375 0.5078125 0.0765625 0.240625
0 0.7 0.60390625 0.0546875 0.109375
0 0.8421875 0.56015625 0.1296875 0.15625
0 0.2296875 0.25546875 0.0875 0.1953125
0 0.09296875 0.2109375 0.071875 0.26875
0 0.51796875 0.284375 0.109375 0.1734375
0 0.68984375 0.91875 0.0796875 0.0765625
0 0.88046875 0.80546875 0.0796875 0.1140625
0 0.95703125 0.6703125 0.08125 0.0859375
0 0.9640625 0.590625 0.0703125 0.1015625
0 0.51015625 0.88515625 0.0484375 0.078125
0 0.65546875 0.97109375 0.0671875 0.0578125
0 0.5359375 0.62265625 0.15625 0.090625
0 0.42578125 0.61796875 0.0828125 0.08125
0 0.271875 0.58828125 0.078125 0.1453125
0 0.27265625 0.50625 0.075 0.1
0 0.7359375 0.03125 0.15625 0.0578125
0 0.83828125 0.16328125 0.0546875 0.2734375
0 0.79921875 0.7515625 0.0609375 0.134375
0 0.58203125 0.6953125 0.078125 0.0734375
0 0.7078125 0.3734375 0.0703125 0.1625
0 0.20703125 0.66875 0.053125 0.084375
0 0.6296875 0.2515625 0.1234375 0.128125
0 0.71796875 0.784375 0.0859375 0.1546875
0 0.96328125 0.85546875 0.0625 0.0875
0 0.85625 0.7140625 0.078125 0.1265625
0 0.73671875 0.45546875 0.08125 0.1453125
0 0.615625 0.8953125 0.0609375 0.084375
0 0.04453125 0.403125 0.0796875 0.1734375
0 0.05625 0.05390625 0.08125 0.1078125
0 0.03359375 0.1859375 0.053125 0.2046875
0 0.31484375 0.04921875 0.146875 0.096875
0 0.45 0.28359375 0.0640625 0.1671875
0 0.496875 0.46640625 0.0890625 0.2015625
0 0.57265625 0.32578125 0.0828125 0.28125
0 0.5078125 0.7171875 0.1 0.1109375
0 0.95859375 0.084375 0.0828125 0.15625
0 0.21875 0.4015625 0.0671875 0.1234375