0 0.77890625 0.74765625 0.403125 0.2796875
0 0.52578125 0.13828125 0.334375 0.2453125
0 0.265625 0.2515625 0.146875 0.4265625
0 0.1140625 0.24140625 0.1578125 0.4390625
0 0.11953125 0.65390625 0.1734375 0.3390625
0 0.29765625 0.6578125 0.1671875 0.390625
0 0.48515625 0.66484375 0.1921875 0.3125
0 0.5078125 0.3859375 0.3203125 0.2640625
0 0.8890625 0.32109375 0.14375 0.5453125
0 0.7546875 0.35078125 0.140625 0.5015625
1 0.9328125 0.71796875 0.05625 0.0953125
1 0.90234375 0.10234375 0.059375 0.0796875
1 0.75703125 0.146875 0.0640625 0.0703125
1 0.37421875 0.29609375 0.059375 0.0875
1 0.3125 0.49140625 0.0796875 0.05
1 0.07109375 0.5296875 0.0640625 0.0640625
1 0.4515625 0.5453125 0.0546875 0.0546875
1 0.3953125 0.07265625 0.0546875 0.0625
1 0.296875 0.0578125 0.0640625 0.0640625
1 0.15 0.06328125 0.0703125 0.075