0 0.234375 0.70625 0.165625 0.2453125
0 0.934375 0.221875 0.1125 0.1296875
0 0.2359375 0.06484375 0.078125 0.1265625
0 0.1640625 0.54921875 0.1078125 0.1703125
0 0.0921875 0.71953125 0.1015625 0.3015625
0 0.0390625 0.665625 0.078125 0.178125
0 0.0296875 0.64609375 0.059375 0.1671875
0 0.1875 0.8171875 0.10625 0.2328125
0 0.27734375 0.8609375 0.1234375 0.178125
0 0.9171875 0.11484375 0.096875 0.1390625
0 0.8734375 0.53203125 0.1046875 0.2109375
0 0.74375 0.3328125 0.1015625 0.1234375
0 0.64609375 0.18125 0.06875 0.0734375
0 0.65234375 0.24609375 0.046875 0.0890625
0 0.56953125 0.19921875 0.05 0.096875
0 0.3875 0.25 0.10625 0.221875
0 0.6265625 0.74296875 0.1765625 0.1875
0 0.35078125 0.9 0.11875 0.18125
0 0.4890625 0.9015625 0.184375 0.196875
0 0.440625 0.946875 0.1375 0.10625
0 0.353125 0.4765625 0.1015625 0.246875
0 0.3125 0.37578125 0.0671875 0.1140625
0 0.16640625 0.4046875 0.14375 0.16875
0 0.74296875 0.77109375 0.1078125 0.203125
0 0.87421875 0.83046875 0.1 0.2734375
0 0.459375 0.7125 0.1265625 0.1828125
0 0.35546875 0.06328125 0.0859375 0.084375
0 0.153125 0.15703125 0.0921875 0.121875
0 0.06328125 0.2828125 0.0890625 0.0953125
0 0.04765625 0.3609375 0.08125 0.109375
0 0.5296875 0.115625 0.0578125 0.08125
0 0.39375 0.0234375 0.071875 0.046875
0 0.4765625 0.37421875 0.165625 0.10625
0 0.5859375 0.38984375 0.090625 0.0890625
0 0.7359375 0.4359375 0.0921875 0.153125
0 0.7265625 0.51796875 0.084375 0.1078125
0 0.21640625 0.94140625 0.1609375 0.0734375
0 0.12890625 0.79921875 0.0828125 0.278125
0 0.228125 0.21875 0.075 0.1390625
0 0.4390625 0.29765625 0.0828125 0.0796875
0 0.28046875 0.6046875 0.0859375 0.1671875
0 0.80859375 0.3625 0.0625 0.0890625
0 0.3453125 0.73359375 0.1359375 0.1421875
0 0.31328125 0.19453125 0.1015625 0.1625
0 0.0765625 0.09765625 0.071875 0.09375
0 0.16796875 0.25 0.0921875 0.134375
0 0.26015625 0.51953125 0.0953125 0.153125
0 0.42578125 0.0953125 0.06875 0.0890625
0 0.94296875 0.64375 0.0984375 0.1796875
0 0.89375 0.965625 0.09375 0.06875
0 0.93125 0.86171875 0.0765625 0.209375
0 0.6359375 0.95625 0.15625 0.0875
0 0.52734375 0.7203125 0.08125 0.171875
0 0.5 0.53359375 0.109375 0.209375
0 0.409375 0.665625 0.1125 0.2890625
0 0.51484375 0.2828125 0.1109375 0.1203125
0 0.02421875 0.86328125 0.0484375 0.1640625
0 0.76953125 0.62734375 0.0796875 0.1296875