0 0.7984375 0.71640625 0.403125 0.2921875
0 0.48828125 0.1375 0.3421875 0.25625
0 0.240625 0.27734375 0.1625 0.4296875
0 0.0890625 0.2828125 0.171875 0.44375
0 0.1375 0.69296875 0.1859375 0.3453125
0 0.31484375 0.678125 0.1796875 0.3953125
0 0.50234375 0.665625 0.2015625 0.31875
0 0.49609375 0.3859375 0.328125 0.2734375
0 0.86875 0.28125 0.1625 0.5484375
0 0.7375 0.325 0.1578125 0.5046875
1 0.953125 0.671875 0.059375 0.096875
1 0.85859375 0.0625 0.0625 0.08125
1 0.71875 0.121875 0.0671875 0.071875
1 0.35390625 0.31015625 0.0625 0.0890625
1 0.3125 0.5109375 0.08125 0.0515625
1 0.0765625 0.57421875 0.0671875 0.0671875
1 0.45625 0.55 0.05625 0.05625
1 0.3515625 0.0859375 0.05625 0.0640625
1 0.2515625 0.08125 0.0671875 0.0671875
1 0.10625 0.10234375 0.0734375 0.0765625