0 0.08046875 0.8125 0.11875 0.3375
0 0.16328125 0.8 0.1234375 0.325
0 0.23203125 0.79140625 0.1203125 0.3328125
0 0.2953125 0.7703125 0.1140625 0.3171875
0 0.37109375 0.76640625 0.10625 0.2828125
0 0.4515625 0.75546875 0.1171875 0.29375
0 0.515625 0.759375 0.10625 0.2890625
0 0.58125 0.75546875 0.1359375 0.2875
0 0.65 0.75625 0.115625 0.296875
0 0.7296875 0.76640625 0.1234375 0.328125
0 0.7875 0.76640625 0.10625 0.290625
0 0.85625 0.77421875 0.1140625 0.3171875
0 0.92890625 0.7796875 0.1234375 0.3375
1 0.08359375 0.66171875 0.06875 0.0421875
1 0.16171875 0.66171875 0.0578125 0.03125
1 0.23203125 0.6578125 0.0421875 0.0328125
1 0.29453125 0.6515625 0.0484375 0.025
1 0.35859375 0.64296875 0.0421875 0.0328125
1 0.434375 0.64140625 0.053125 0.0359375
1 0.5109375 0.63671875 0.05 0.025
1 0.5765625 0.63828125 0.0453125 0.0265625
1 0.64375 0.6359375 0.05 0.0328125
1 0.71328125 0.63515625 0.0578125 0.025
1 0.78203125 0.6328125 0.0453125 0.0328125
1 0.840625 0.63671875 0.053125 0.0390625
1 0.91328125 0.63828125 0.0640625 0.03125