0 0.16171875 0.4578125 0.13125 0.3609375
0 0.296875 0.4171875 0.0921875 0.275
0 0.409375 0.4015625 0.0921875 0.275
0 0.50859375 0.3984375 0.1078125 0.2796875
0 0.62734375 0.365625 0.1265625 0.209375
0 0.73828125 0.3828125 0.1078125 0.2546875
0 0.265625 0.59375 0.159375 0.3828125
0 0.38671875 0.59375 0.1046875 0.3875
0 0.51484375 0.59375 0.1046875 0.3828125
0 0.625 0.59453125 0.1046875 0.390625
0 0.71484375 0.59609375 0.11875 0.3921875
0 0.84453125 0.58671875 0.13125 0.375
1 0.178125 0.296875 0.0859375 0.05703125
1 0.2890625 0.29921875 0.07265625 0.07265625
1 0.3984375 0.2984375 0.0625 0.0703125
1 0.51328125 0.30078125 0.0625 0.08046875
1 0.625 0.303125 0.07265625 0.06484375
1 0.73203125 0.303125 0.06796875 0.08046875