0 0.16484375 0.628125 0.1890625 0.3546875
0 0.25234375 0.63828125 0.175 0.3203125
0 0.35 0.61640625 0.1484375 0.3203125
0 0.44765625 0.60390625 0.1515625 0.3203125
0 0.53359375 0.60625 0.1515625 0.3125
0 0.63125 0.58828125 0.134375 0.3203125
0 0.34921875 0.45 0.16875 0.278125
0 0.453125 0.43359375 0.140625 0.2984375
0 0.54453125 0.41796875 0.1328125 0.3046875
0 0.63125 0.40390625 0.103125 0.296875
0 0.72109375 0.3984375 0.115625 0.2953125
0 0.8234375 0.37578125 0.140625 0.3
1 0.1828125 0.7703125 0.0609375 0.046875
1 0.27578125 0.759375 0.059375 0.0375