0 0.08359375 0.2546875 0.1671875 0.453125
0 0.2734375 0.26015625 0.175 0.446875
0 0.48359375 0.2796875 0.1578125 0.465625
0 0.63671875 0.25 0.1546875 0.446875
0 0.86015625 0.26015625 0.19375 0.4375
0 0.12578125 0.7765625 0.1953125 0.446875
0 0.3359375 0.79140625 0.159375 0.4171875
0 0.5265625 0.78671875 0.14375 0.4234375
0 0.71875 0.78515625 0.1890625 0.4296875
0 0.90703125 0.78359375 0.1359375 0.4328125
2 0.08671875 0.24375 0.1265625 0.1203125
2 0.290625 0.24765625 0.1328125 0.109375
2 0.465625 0.253125 0.1265625 0.1125
2 0.63125 0.24765625 0.1390625 0.13125
2 0.87265625 0.25390625 0.14375 0.1125
2 0.1234375 0.746875 0.1390625 0.125
2 0.3265625 0.759375 0.1296875 0.109375
2 0.5125 0.765625 0.1296875 0.115625
2 0.72578125 0.7734375 0.128125 0.109375
2 0.9125 0.7703125 0.1296875 0.125
1 0.0859375 0.0703125 0.08359375 0.05234375
1 0.2734375 0.071875 0.09375 0.04921875
1 0.4703125 0.078125 0.09609375 0.046875
1 0.634375 0.0765625 0.09609375 0.04921875
1 0.87265625 0.0796875 0.08828125 0.0390625
1 0.13125 0.58359375 0.09140625 0.046875
1 0.32578125 0.59765625 0.078125 0.0546875
1 0.5171875 0.6 0.1015625 0.0546875
1 0.7203125 0.59765625 0.09140625 0.0703125
1 0.91640625 0.59921875 0.09375 0.05703125