0 0.878125 0.2453125 0.228125 0.490625
0 0.73671875 0.24453125 0.1953125 0.48125
0 0.6109375 0.2421875 0.2265625 0.43125
0 0.478125 0.27109375 0.2203125 0.4390625
0 0.3203125 0.28125 0.2390625 0.44375
0 0.19375 0.3046875 0.228125 0.45
0 0.07578125 0.290625 0.1515625 0.446875
0 0.8921875 0.70078125 0.215625 0.4703125
0 0.70234375 0.7046875 0.1859375 0.45625
0 0.57578125 0.6984375 0.178125 0.4125
0 0.459375 0.675 0.203125 0.3265625
0 0.309375 0.7109375 0.15625 0.4078125
0 0.16640625 0.72109375 0.1921875 0.3875