0 0.14453125 0.60078125 0.1625 0.378125
0 0.27421875 0.59453125 0.1359375 0.390625
0 0.37578125 0.6109375 0.125 0.321875
0 0.47578125 0.609375 0.1046875 0.303125
0 0.559375 0.5984375 0.121875 0.3265625
0 0.66796875 0.60859375 0.1296875 0.296875
0 0.3375 0.434375 0.1421875 0.375
0 0.44921875 0.41796875 0.1359375 0.3703125
0 0.55859375 0.41640625 0.13125 0.3546875
0 0.66484375 0.4109375 0.1109375 0.35
0 0.75078125 0.41015625 0.1234375 0.36875
0 0.8578125 0.396875 0.1234375 0.3625
1 0.16640625 0.74453125 0.059375 0.0546875
1 0.275 0.73671875 0.0703125 0.0375
1 0.37734375 0.7359375 0.075 0.05
1 0.4765625 0.72421875 0.078125 0.0484375
1 0.57421875 0.72265625 0.08125 0.05625
1 0.6734375 0.715625 0.075 0.0453125