2 0.865625 0.4515625 0.2109375 0.11875
2 0.62421875 0.48828125 0.190625 0.0953125
2 0.4265625 0.47421875 0.2 0.09375
2 0.13828125 0.50390625 0.1734375 0.1203125
0 0.89375 0.48125 0.1875 0.471875
0 0.63359375 0.484375 0.21875 0.4515625
0 0.4328125 0.4984375 0.184375 0.4734375
0 0.11875 0.51875 0.190625 0.440625
1 0.9203125 0.22890625 0.0734375 0.0734375
1 0.771875 0.24296875 0.1 0.09375
1 0.9625 0.7515625 0.075 0.0875
1 0.79921875 0.759375 0.115625 0.0921875
1 0.09765625 0.80859375 0.090625 0.0953125
1 0.09453125 0.63046875 0.1140625 0.1046875
1 0.275 0.26328125 0.08125 0.1109375
1 0.7453125 0.55390625 0.0984375 0.096875
1 0.28203125 0.409375 0.103125 0.0828125
1 0.07109375 0.33984375 0.1109375 0.09375