0 0.88671875 0.25078125 0.2109375 0.5015625
0 0.7453125 0.253125 0.178125 0.475
0 0.6203125 0.24609375 0.2125 0.425
0 0.4859375 0.2703125 0.2046875 0.4328125
0 0.328125 0.27578125 0.225 0.4375
0 0.20078125 0.29375 0.2140625 0.44375
0 0.0765625 0.27421875 0.153125 0.4421875
0 0.89296875 0.71328125 0.2140625 0.4640625
0 0.6953125 0.7109375 0.1703125 0.4515625
0 0.56875 0.70078125 0.1640625 0.4078125
0 0.453125 0.6734375 0.1921875 0.3203125
0 0.30234375 0.70390625 0.1421875 0.4046875
0 0.15859375 0.709375 0.178125 0.3828125