0 0.83828125 0.4578125 0.13125 0.3609375
0 0.703125 0.4171875 0.0921875 0.275
0 0.590625 0.4015625 0.0921875 0.275
0 0.49140625 0.3984375 0.1078125 0.2796875
0 0.37265625 0.365625 0.1265625 0.209375
0 0.26171875 0.3828125 0.1078125 0.2546875
0 0.734375 0.59375 0.159375 0.3828125
0 0.61328125 0.59375 0.1046875 0.3875
0 0.48515625 0.59375 0.1046875 0.3828125
0 0.375 0.59453125 0.1046875 0.390625
0 0.28515625 0.59609375 0.11875 0.3921875
0 0.15546875 0.58671875 0.13125 0.375
1 0.821875 0.296875 0.0859375 0.05625
1 0.7109375 0.29921875 0.071875 0.071875
1 0.6015625 0.2984375 0.0625 0.0703125
1 0.48671875 0.30078125 0.0625 0.08125
1 0.375 0.303125 0.071875 0.065625
1 0.26796875 0.303125 0.06875 0.08125