0 0.13125 0.56328125 0.2109375 0.759375
0 0.21640625 0.52734375 0.278125 0.7703125
0 0.38515625 0.47421875 0.2265625 0.803125
0 0.53359375 0.47109375 0.2359375 0.840625
0 0.69296875 0.4609375 0.2046875 0.8296875
0 0.7921875 0.50078125 0.2171875 0.7828125
0 0.86015625 0.515625 0.234375 0.809375
1 0.159375 0.88671875 0.11875 0.059375
1 0.40078125 0.84375 0.15 0.0828125
1 0.6703125 0.83515625 0.1421875 0.075
1 0.77578125 0.846875 0.1703125 0.075
1 0.2640625 0.86484375 0.115625 0.071875
1 0.53125 0.8328125 0.1625 0.08125