0 0.38515625 0.50859375 0.2796875 0.6609375
0 0.634375 0.55703125 0.2921875 0.640625
0 0.828125 0.54921875 0.34375 0.7015625
0 0.18359375 0.1234375 0.2765625 0.246875
0 0.41796875 0.12890625 0.2203125 0.1890625
0 0.61484375 0.15234375 0.2109375 0.2484375
0 0.83359375 0.1578125 0.228125 0.2359375
0 0.10625 0.47734375 0.2125 0.6234375
0 0.23203125 0.3734375 0.16875 0.15
0 0.25234375 0.5359375 0.1625 0.140625
0 0.1765625 0.72421875 0.1828125 0.15625
0 0.74609375 0.75234375 0.2125 0.203125
0 0.76796875 0.5453125 0.221875 0.29375
1 0.1703125 0.72578125 0.1140625 0.1
1 0.2046875 0.39609375 0.1265625 0.11875
1 0.14765625 0.11484375 0.1421875 0.11875
1 0.73125 0.7890625 0.1078125 0.1078125
1 0.7546875 0.6515625 0.125 0.1109375
1 0.5578125 0.828125 0.1453125 0.0765625
1 0.32890625 0.8 0.13125 0.0546875
1 0.6421875 0.15 0.1296875 0.096875
1 0.8578125 0.16015625 0.125 0.109375
1 0.3921875 0.13515625 0.146875 0.1109375