0 0.93046875 0.79765625 0.1078125 0.334375
0 0.846875 0.78828125 0.1125 0.321875
0 0.778125 0.78203125 0.109375 0.3296875
0 0.7140625 0.76328125 0.103125 0.3140625
0 0.63828125 0.76171875 0.096875 0.2796875
0 0.55703125 0.75390625 0.1078125 0.290625
0 0.49375 0.759375 0.096875 0.2859375
0 0.42734375 0.7578125 0.1265625 0.2828125
0 0.359375 0.7609375 0.1046875 0.29375
0 0.2796875 0.77421875 0.1125 0.325
0 0.221875 0.7765625 0.096875 0.2875
0 0.15390625 0.78671875 0.103125 0.3140625
0 0.08125 0.79453125 0.1125 0.334375
1 0.921875 0.646875 0.06875 0.0390625
1 0.84375 0.65 0.05625 0.028125
1 0.7734375 0.6484375 0.040625 0.03125
1 0.7109375 0.64453125 0.046875 0.0234375
1 0.64609375 0.63828125 0.040625 0.03125
1 0.5703125 0.6390625 0.053125 0.034375
1 0.49375 0.63671875 0.05 0.0234375
1 0.428125 0.640625 0.04375 0.025
1 0.3609375 0.640625 0.05 0.03125
1 0.29140625 0.6421875 0.05625 0.0234375
1 0.22265625 0.64296875 0.04375 0.03125
1 0.1640625 0.6484375 0.053125 0.0375
1 0.09140625 0.65234375 0.0625 0.028125