0 0.11171875 0.2234375 0.2140625 0.446875
0 0.3 0.2375 0.2203125 0.4625
0 0.50703125 0.27890625 0.20625 0.4796875
0 0.66171875 0.265625 0.2 0.4609375
0 0.88203125 0.29921875 0.2359375 0.4546875
0 0.109375 0.73515625 0.21875 0.4640625
0 0.30625 0.77265625 0.2015625 0.43125
0 0.4953125 0.78515625 0.1875 0.4296875
0 0.68671875 0.79140625 0.2328125 0.4171875
0 0.87421875 0.80078125 0.1796875 0.3984375
2 0.115625 0.20234375 0.1390625 0.1328125
2 0.31796875 0.22734375 0.14375 0.1234375
2 0.49140625 0.25078125 0.1375 0.125
2 0.65703125 0.2625 0.1515625 0.1453125
2 0.89609375 0.29453125 0.1546875 0.1265625
2 0.1 0.70625 0.1515625 0.1390625
2 0.30078125 0.73984375 0.140625 0.121875
2 0.484375 0.765625 0.140625 0.128125
2 0.69609375 0.7953125 0.1390625 0.121875
2 0.88203125 0.81171875 0.1421875 0.1375
1 0.13203125 0.0296875 0.0890625 0.059375
1 0.31953125 0.05078125 0.0984375 0.059375
1 0.51484375 0.07734375 0.1 0.05625
1 0.678125 0.09296875 0.1 0.059375
1 0.91484375 0.12109375 0.0921875 0.0484375
1 0.12421875 0.54453125 0.0953125 0.05625
1 0.31640625 0.57890625 0.0828125 0.0625
1 0.50625 0.6015625 0.10625 0.065625
1 0.70859375 0.6203125 0.0984375 0.0796875
1 0.90390625 0.6421875 0.0984375 0.0671875