0 0.86484375 0.44296875 0.16875 0.38125
0 0.7359375 0.43359375 0.1421875 0.3921875
0 0.63671875 0.40546875 0.1296875 0.3234375
0 0.5375 0.39453125 0.109375 0.3046875
0 0.453125 0.3953125 0.1265625 0.328125
0 0.346875 0.371875 0.134375 0.2984375
0 0.653125 0.58515625 0.1484375 0.3765625
0 0.53984375 0.5875 0.1421875 0.371875
0 0.43125 0.57578125 0.1359375 0.35625
0 0.325 0.56875 0.1171875 0.3515625
0 0.23984375 0.55859375 0.1296875 0.3703125
0 0.1328125 0.55859375 0.1296875 0.3640625
1 0.8609375 0.2984375 0.0609375 0.05625
1 0.7515625 0.2921875 0.0703125 0.0375
1 0.65078125 0.28125 0.075 0.0515625
1 0.55078125 0.28046875 0.078125 0.05
1 0.453125 0.26953125 0.08125 0.0578125
1 0.3546875 0.26484375 0.075 0.046875