0 0.84140625 0.61015625 0.171875 0.3484375
0 0.7546875 0.625 0.159375 0.3140625
0 0.65625 0.60859375 0.1328125 0.315625
0 0.5578125 0.60078125 0.1359375 0.315625
0 0.471875 0.6078125 0.1359375 0.3078125
0 0.3734375 0.5953125 0.11875 0.315625
0 0.64765625 0.4421875 0.15625 0.271875
0 0.54375 0.43125 0.1265625 0.29375
0 0.45078125 0.42109375 0.11875 0.3
0 0.3640625 0.4109375 0.0890625 0.29375
0 0.27421875 0.41015625 0.1015625 0.2921875
0 0.17109375 0.39296875 0.1265625 0.2953125
1 0.83125 0.75390625 0.0578125 0.04375
1 0.7375 0.746875 0.0578125 0.034375