0 0.11875 0.6578125 0.1609375 0.36875
0 0.2453125 0.659375 0.134375 0.35
0 0.36484375 0.66640625 0.171875 0.3484375
0 0.49375 0.6546875 0.1328125 0.359375
0 0.6171875 0.6671875 0.13125 0.3515625
0 0.75078125 0.6578125 0.1328125 0.3703125
0 0.8703125 0.64375 0.1421875 0.365625
1 0.10859375 0.528125 0.08125 0.0421875
1 0.23125 0.5265625 0.0703125 0.040625
1 0.36875 0.5203125 0.0703125 0.0375
1 0.48828125 0.51953125 0.0765625 0.034375
1 0.609375 0.51171875 0.084375 0.0375
1 0.7265625 0.51328125 0.078125 0.034375
1 0.85703125 0.5078125 0.0890625 0.034375