0 0.8390625 0.4640625 0.1375 0.3625
0 0.7046875 0.42109375 0.096875 0.2765625
0 0.5921875 0.403125 0.096875 0.2765625
0 0.49296875 0.3984375 0.1125 0.28125
0 0.375 0.36328125 0.1296875 0.2109375
0 0.2640625 0.37890625 0.1125 0.25625
0 0.7328125 0.59765625 0.165625 0.3859375
0 0.61171875 0.59609375 0.1109375 0.3890625
0 0.48359375 0.59375 0.1109375 0.384375
0 0.3734375 0.5921875 0.1109375 0.3921875
0 0.28359375 0.5921875 0.125 0.39375
0 0.15390625 0.58046875 0.1375 0.3765625
1 0.825 0.30234375 0.0875 0.0578125
1 0.7140625 0.303125 0.0734375 0.0734375
1 0.6046875 0.3 0.0640625 0.071875
1 0.48984375 0.30078125 0.0640625 0.08125
1 0.378125 0.30078125 0.0734375 0.065625
1 0.27109375 0.29921875 0.06875 0.08125