0 0.11796875 0.7515625 0.2203125 0.496875
0 0.25859375 0.7515625 0.1875 0.478125
0 0.384375 0.75546875 0.2203125 0.428125
0 0.51796875 0.72890625 0.2125 0.4359375
0 0.67578125 0.721875 0.23125 0.440625
0 0.803125 0.70078125 0.2203125 0.446875
0 0.9234375 0.71640625 0.153125 0.4453125
0 0.10703125 0.2921875 0.2140625 0.46875
0 0.3015625 0.2921875 0.178125 0.4546875
0 0.428125 0.3 0.1703125 0.4109375
0 0.54375 0.32578125 0.196875 0.3234375
0 0.69375 0.29296875 0.1484375 0.40625
0 0.8375 0.284375 0.184375 0.384375