2 0.86875 0.48359375 0.2171875 0.1328125
2 0.625 0.48984375 0.1953125 0.1078125
2 0.43203125 0.53828125 0.2046875 0.1078125
2 0.14296875 0.55859375 0.1796875 0.13125
0 0.890625 0.45 0.21875 0.48125
0 0.634375 0.4921875 0.2484375 0.4625
0 0.43359375 0.51328125 0.2171875 0.48125
0 0.12109375 0.5484375 0.2203125 0.45
1 0.9609375 0.69375 0.078125 0.078125
1 0.8125 0.70546875 0.10625 0.1
1 0.91875 0.17109375 0.09375 0.09375
1 0.74921875 0.1921875 0.121875 0.0984375
1 0.05 0.265625 0.096875 0.1015625
1 0.078125 0.44140625 0.1203125 0.1125
1 0.31953125 0.77265625 0.0875 0.115625
1 0.73203125 0.4046875 0.1046875 0.1015625
1 0.30078125 0.6265625 0.1078125 0.0890625
1 0.1046875 0.73203125 0.1171875 0.1