0 0.9140625 0.81953125 0.125 0.3390625
0 0.83125 0.80625 0.1296875 0.3265625
0 0.76328125 0.79609375 0.1265625 0.334375
0 0.7 0.77421875 0.11875 0.31875
0 0.62421875 0.76875 0.1109375 0.284375
0 0.54375 0.75625 0.1234375 0.2953125
0 0.48046875 0.75859375 0.1109375 0.290625
0 0.4140625 0.75390625 0.140625 0.2890625
0 0.34609375 0.753125 0.1203125 0.2984375
0 0.265625 0.7625 0.1296875 0.3296875
0 0.2078125 0.76171875 0.1125 0.2921875
0 0.1390625 0.76796875 0.11875 0.31875
0 0.06640625 0.771875 0.1296875 0.3390625
1 0.91328125 0.66875 0.0703125 0.0421875
1 0.83515625 0.66796875 0.0578125 0.03125
1 0.765625 0.6625 0.04375 0.0328125
1 0.703125 0.65546875 0.0484375 0.0265625
1 0.63828125 0.64609375 0.04375 0.0328125
1 0.56328125 0.6421875 0.0546875 0.0359375
1 0.48671875 0.6359375 0.05 0.0265625
1 0.42109375 0.63671875 0.0453125 0.028125
1 0.35390625 0.6328125 0.0515625 0.034375
1 0.284375 0.63125 0.0578125 0.0265625
1 0.215625 0.628125 0.046875 0.0328125
1 0.15703125 0.63046875 0.0546875 0.0390625
1 0.084375 0.63046875 0.0640625 0.0328125