0 0.86328125 0.4109375 0.2640625 0.7703125
0 0.78125 0.45234375 0.3296875 0.7859375
0 0.61640625 0.51796875 0.28125 0.815625
0 0.46796875 0.53125 0.29375 0.853125
0 0.31015625 0.55234375 0.2625 0.840625
0 0.20859375 0.51953125 0.2703125 0.79375
0 0.14140625 0.509375 0.2828125 0.821875
1 0.81328125 0.090625 0.121875 0.0671875
1 0.575 0.15 0.1546875 0.09375
1 0.30703125 0.17734375 0.146875 0.084375
1 0.20078125 0.1734375 0.175 0.0875
1 0.71015625 0.11953125 0.1203125 0.0796875
1 0.4453125 0.1703125 0.1671875 0.0921875