0 0.06953125 0.79765625 0.1078125 0.334375
0 0.153125 0.78828125 0.1125 0.321875
0 0.221875 0.78203125 0.109375 0.3296875
0 0.2859375 0.76328125 0.103125 0.3140625
0 0.36171875 0.76171875 0.096875 0.2796875
0 0.44296875 0.75390625 0.1078125 0.290625
0 0.50625 0.759375 0.096875 0.2859375
0 0.57265625 0.7578125 0.1265625 0.2828125
0 0.640625 0.7609375 0.1046875 0.29375
0 0.7203125 0.77421875 0.1125 0.325
0 0.778125 0.7765625 0.096875 0.2875
0 0.84609375 0.78671875 0.103125 0.3140625
0 0.91875 0.79453125 0.1125 0.334375
1 0.078125 0.646875 0.06796875 0.0390625
1 0.15625 0.65 0.05703125 0.02890625
1 0.2265625 0.6484375 0.04140625 0.03125
1 0.2890625 0.64453125 0.046875 0.0234375
1 0.35390625 0.63828125 0.04140625 0.03125
1 0.4296875 0.6390625 0.05234375 0.03359375
1 0.50625 0.63671875 0.04921875 0.0234375
1 0.571875 0.640625 0.04453125 0.02578125
1 0.6390625 0.640625 0.04921875 0.03125
1 0.70859375 0.6421875 0.05703125 0.0234375
1 0.77734375 0.64296875 0.04453125 0.03125
1 0.8359375 0.6484375 0.05234375 0.03671875
1 0.90859375 0.65234375 0.0625 0.02890625