0 0.10078125 0.22890625 0.1984375 0.4578125
0 0.290625 0.2453125 0.20625 0.4578125
0 0.49921875 0.27890625 0.190625 0.475
0 0.65390625 0.26015625 0.1859375 0.45625
0 0.87578125 0.2859375 0.2234375 0.45
0 0.11015625 0.75 0.2203125 0.459375
0 0.315625 0.77890625 0.1875 0.4265625
0 0.50546875 0.78515625 0.1734375 0.4296875
0 0.6984375 0.7890625 0.21875 0.421875
0 0.8859375 0.7953125 0.165625 0.409375
2 0.10546875 0.215625 0.134375 0.128125
2 0.30859375 0.23359375 0.140625 0.11875
2 0.4828125 0.2515625 0.134375 0.1203125
2 0.6484375 0.2578125 0.1484375 0.140625
2 0.8890625 0.28046875 0.1515625 0.121875
2 0.10703125 0.7203125 0.146875 0.134375
2 0.30859375 0.746875 0.1375 0.11875
2 0.49375 0.765625 0.1375 0.125
2 0.70625 0.78828125 0.1359375 0.11875
2 0.89296875 0.7984375 0.1375 0.134375
1 0.1171875 0.0421875 0.0875 0.0578125
1 0.30390625 0.05703125 0.096875 0.05625
1 0.5 0.07734375 0.0984375 0.053125
1 0.66328125 0.08671875 0.1 0.05625
1 0.90078125 0.10703125 0.090625 0.0453125
1 0.1265625 0.5578125 0.09375 0.053125
1 0.31953125 0.58515625 0.08125 0.059375
1 0.51015625 0.60078125 0.1046875 0.0609375
1 0.71328125 0.6125 0.0953125 0.0765625
1 0.90859375 0.628125 0.096875 0.0640625