2 0.13125 0.509375 0.2109375 0.11875
2 0.375 0.49921875 0.190625 0.0953125
2 0.5703125 0.53359375 0.2 0.09375
2 0.86015625 0.53359375 0.1734375 0.1203125
0 0.10625 0.478125 0.1875 0.471875
0 0.365625 0.5015625 0.21875 0.4515625
0 0.5671875 0.50859375 0.184375 0.4734375
0 0.88125 0.521875 0.190625 0.440625
1 0.05390625 0.72578125 0.0734375 0.0734375
1 0.20234375 0.7265625 0.1 0.09375
1 0.059375 0.20078125 0.0875 0.0875
1 0.2296875 0.21015625 0.115625 0.0921875
1 0.9328125 0.23515625 0.090625 0.0953125
1 0.9171875 0.4125 0.1140625 0.1046875
1 0.69921875 0.759375 0.08125 0.1109375
1 0.26171875 0.42109375 0.0984375 0.096875
1 0.7078125 0.6125 0.103125 0.0828125
1 0.91015625 0.70390625 0.1109375 0.09375