2 0.86875 0.48359375 0.209375 0.115625
2 0.625 0.49921875 0.1890625 0.0921875
2 0.42890625 0.46796875 0.1984375 0.090625
2 0.1390625 0.47265625 0.1703125 0.1171875
0 0.89453125 0.515625 0.1796875 0.46875
0 0.634375 0.49609375 0.2109375 0.4484375
0 0.4328125 0.4921875 0.1765625 0.4703125
0 0.11796875 0.48515625 0.184375 0.4390625
1 0.9421875 0.2671875 0.0734375 0.0734375
1 0.79375 0.26796875 0.0984375 0.0921875
1 0.9453125 0.79140625 0.0859375 0.0859375
1 0.775 0.78515625 0.1140625 0.0890625
1 0.071875 0.77265625 0.0890625 0.09375
1 0.084375 0.5953125 0.1125 0.103125
1 0.29609375 0.24453125 0.0796875 0.109375
1 0.73984375 0.575 0.096875 0.0953125
1 0.290625 0.39140625 0.1015625 0.08125
1 0.0859375 0.303125 0.109375 0.0921875