0 0.61328125 0.47890625 0.2359375 0.646875
0 0.36015625 0.45703125 0.25 0.6265625
0 0.15859375 0.4859375 0.3171875 0.68125
0 0.8546875 0.8515625 0.2609375 0.2515625
0 0.6203125 0.86015625 0.209375 0.175
0 0.421875 0.8578125 0.1953125 0.2359375
0 0.20390625 0.87578125 0.2125 0.221875
0 0.90390625 0.4796875 0.1921875 0.6125
0 0.7796875 0.59765625 0.1609375 0.140625
0 0.74296875 0.4390625 0.153125 0.13125
0 0.79765625 0.24296875 0.1734375 0.1453125
0 0.22890625 0.275 0.2 0.1890625
0 0.22890625 0.4828125 0.203125 0.28125
1 0.80390625 0.240625 0.109375 0.09375
1 0.8046875 0.57265625 0.11875 0.1109375
1 0.890625 0.84609375 0.134375 0.109375
1 0.23984375 0.23671875 0.1015625 0.1015625
1 0.23046875 0.37578125 0.11875 0.103125
1 0.40859375 0.1796875 0.1421875 0.0671875
1 0.6390625 0.18359375 0.128125 0.046875
1 0.3953125 0.8625 0.1234375 0.0875
1 0.1796875 0.875 0.11875 0.1015625
1 0.6453125 0.8515625 0.140625 0.1015625