0 0.878125 0.84375 0.159375 0.3125
0 0.79765625 0.83515625 0.1609375 0.3296875
0 0.73046875 0.821875 0.159375 0.3421875
0 0.6703125 0.79375 0.1515625 0.3265625
0 0.5953125 0.78046875 0.1390625 0.290625
0 0.51640625 0.759375 0.1515625 0.3046875
0 0.453125 0.75546875 0.140625 0.296875
0 0.38828125 0.74296875 0.16875 0.2984375
0 0.3203125 0.7359375 0.15 0.30625
0 0.23984375 0.73671875 0.1625 0.3390625
0 0.18203125 0.7296875 0.140625 0.2984375
0 0.11328125 0.72890625 0.1515625 0.3265625
0 0.0609375 0.72578125 0.121875 0.3484375
1 0.89375 0.7109375 0.0734375 0.0484375
1 0.81640625 0.7015625 0.0609375 0.0375
1 0.746875 0.6890625 0.0453125 0.0375
1 0.6859375 0.67578125 0.05 0.03125
1 0.62265625 0.659375 0.0453125 0.0375
1 0.54765625 0.6484375 0.05625 0.040625
1 0.47265625 0.634375 0.0515625 0.03125
1 0.40703125 0.62734375 0.0484375 0.0328125
1 0.340625 0.6171875 0.053125 0.0390625
1 0.271875 0.6078125 0.059375 0.0328125
1 0.20390625 0.59765625 0.0484375 0.0375
1 0.1453125 0.59375 0.0578125 0.04375
1 0.07265625 0.58671875 0.065625 0.0390625