0 0.8984375 0.26875 0.203125 0.503125
0 0.7578125 0.26640625 0.1703125 0.4734375
0 0.63359375 0.253125 0.20625 0.421875
0 0.49765625 0.2703125 0.1984375 0.4296875
0 0.33984375 0.26640625 0.2171875 0.4328125
0 0.21171875 0.27890625 0.20625 0.440625
0 0.08046875 0.253125 0.1609375 0.440625
0 0.88515625 0.73515625 0.2140625 0.4609375
0 0.68359375 0.72109375 0.1625 0.45
0 0.5578125 0.70390625 0.15625 0.40625
0 0.44375 0.67109375 0.1859375 0.3171875
0 0.2921875 0.69296875 0.134375 0.4015625
0 0.1484375 0.69140625 0.171875 0.3796875