2 0.134375 0.5484375 0.2109375 0.11875
2 0.37578125 0.51171875 0.190625 0.0953125
2 0.5734375 0.52578125 0.2 0.09375
2 0.86171875 0.49609375 0.1734375 0.1203125
0 0.10625 0.51875 0.1875 0.471875
0 0.36640625 0.515625 0.21875 0.4515625
0 0.5671875 0.5015625 0.184375 0.4734375
0 0.88125 0.48125 0.190625 0.440625
1 0.0796875 0.77109375 0.0734375 0.0734375
1 0.228125 0.75703125 0.1 0.09375
1 0.03671875 0.2484375 0.0734375 0.0875
1 0.20078125 0.240625 0.115625 0.0921875
1 0.90234375 0.19140625 0.090625 0.0953125
1 0.90546875 0.36953125 0.1140625 0.1046875
1 0.725 0.73671875 0.08125 0.1109375
1 0.2546875 0.44609375 0.0984375 0.096875
1 0.71796875 0.590625 0.103125 0.0828125
1 0.92890625 0.66015625 0.1109375 0.09375