0 0.13984375 0.41796875 0.14375 0.371875
0 0.26953125 0.4171875 0.115625 0.384375
0 0.3703125 0.39609375 0.1078125 0.3171875
0 0.4703125 0.3921875 0.0890625 0.2984375
0 0.55390625 0.3984375 0.1046875 0.321875
0 0.66171875 0.3828125 0.1140625 0.290625
0 0.34140625 0.57421875 0.1234375 0.36875
0 0.45390625 0.584375 0.1171875 0.3640625
0 0.56328125 0.58046875 0.1125 0.35
0 0.66953125 0.58046875 0.09375 0.3453125
0 0.75546875 0.5765625 0.1046875 0.3640625
0 0.8625 0.584375 0.1046875 0.3578125
1 0.15390625 0.2734375 0.05703125 0.05234375
1 0.26328125 0.275 0.06796875 0.03359375
1 0.36484375 0.27109375 0.07265625 0.046875
1 0.46484375 0.27734375 0.07578125 0.04453125
1 0.5625 0.2734375 0.078125 0.05234375
1 0.66171875 0.27578125 0.07265625 0.04140625