0 0.91953125 0.1875 0.11875 0.3375
0 0.83671875 0.2 0.1234375 0.325
0 0.76796875 0.20859375 0.1203125 0.3328125
0 0.7046875 0.2296875 0.1140625 0.3171875
0 0.62890625 0.23359375 0.10625 0.2828125
0 0.5484375 0.24453125 0.1171875 0.29375
0 0.484375 0.240625 0.10625 0.2890625
0 0.41875 0.24453125 0.1359375 0.2875
0 0.35 0.24375 0.115625 0.296875
0 0.2703125 0.23359375 0.1234375 0.328125
0 0.2125 0.23359375 0.10625 0.290625
0 0.14375 0.22578125 0.1140625 0.3171875
0 0.07109375 0.2203125 0.1234375 0.3375
1 0.91640625 0.33828125 0.06875 0.0421875
1 0.83828125 0.33828125 0.0578125 0.03125
1 0.76796875 0.3421875 0.0421875 0.0328125
1 0.70546875 0.3484375 0.0484375 0.025
1 0.64140625 0.35703125 0.0421875 0.0328125
1 0.565625 0.35859375 0.053125 0.0359375
1 0.4890625 0.36328125 0.05 0.025
1 0.4234375 0.36171875 0.0453125 0.0265625
1 0.35625 0.3640625 0.05 0.0328125
1 0.28671875 0.36484375 0.0578125 0.025
1 0.21796875 0.3671875 0.0453125 0.0328125
1 0.159375 0.36328125 0.053125 0.0390625
1 0.08671875 0.36171875 0.0640625 0.03125