2 0.85703125 0.4078125 0.221875 0.1421875
2 0.621875 0.47265625 0.1984375 0.1171875
2 0.42421875 0.48359375 0.20625 0.1171875
2 0.14140625 0.5484375 0.184375 0.1390625
0 0.88359375 0.43203125 0.2328125 0.4859375
0 0.63046875 0.46796875 0.26875 0.46875
0 0.4328125 0.50625 0.2390625 0.4859375
0 0.1234375 0.56484375 0.240625 0.45625
1 0.88359375 0.1796875 0.08125 0.08125
1 0.7390625 0.21171875 0.109375 0.103125
1 0.9734375 0.6921875 0.053125 0.096875
1 0.82890625 0.72109375 0.125 0.1046875
1 0.13828125 0.85546875 0.1 0.1046875
1 0.11328125 0.67890625 0.125 0.1171875
1 0.24765625 0.2921875 0.09375 0.11875
1 0.75 0.5234375 0.1078125 0.10625
1 0.27265625 0.43671875 0.1109375 0.09375
1 0.05703125 0.39375 0.1140625 0.10625