0 0.159375 0.49375 0.16875 0.3734375
0 0.2890625 0.4390625 0.1203125 0.2828125
0 0.39921875 0.41171875 0.1203125 0.2828125
0 0.49765625 0.3984375 0.1359375 0.2890625
0 0.6125 0.353125 0.1484375 0.221875
0 0.725 0.35859375 0.134375 0.2640625
0 0.2765625 0.61796875 0.1984375 0.396875
0 0.396875 0.6046875 0.1453125 0.396875
0 0.52421875 0.59140625 0.14375 0.3921875
0 0.634375 0.58125 0.1453125 0.4
0 0.7234375 0.5734375 0.159375 0.403125
0 0.8515625 0.55 0.1703125 0.3859375
1 0.15859375 0.33125 0.0921875 0.065625
1 0.26953125 0.32265625 0.0796875 0.0796875
1 0.378125 0.31015625 0.06875 0.0765625
1 0.4921875 0.30078125 0.0703125 0.0859375
1 0.60390625 0.29140625 0.0796875 0.071875
1 0.71015625 0.2796875 0.0765625 0.0875