0 0.87109375 0.45625 0.225 0.7625
0 0.78515625 0.4875 0.290625 0.775
0 0.61328125 0.53203125 0.240625 0.80625
0 0.46484375 0.5265625 0.2515625 0.8453125
0 0.30546875 0.52890625 0.21875 0.8328125
0 0.20859375 0.48359375 0.2296875 0.7859375
0 0.140625 0.465625 0.2484375 0.8140625
1 0.8609375 0.13203125 0.11875 0.0609375
1 0.6171875 0.16171875 0.1515625 0.0859375
1 0.34765625 0.15625 0.14375 0.078125
1 0.24296875 0.1390625 0.171875 0.078125
1 0.7546875 0.14765625 0.1171875 0.075
1 0.4859375 0.165625 0.1640625 0.084375