0 0.3859375 0.4890625 0.26875 0.6578125
0 0.6359375 0.4453125 0.28125 0.6375
0 0.83125 0.4546875 0.3375 0.696875
0 0.17734375 0.87421875 0.2734375 0.2515625
0 0.41171875 0.86953125 0.2171875 0.1859375
0 0.609375 0.84921875 0.20625 0.2453125
0 0.82734375 0.8484375 0.2234375 0.2328125
0 0.103125 0.51484375 0.20625 0.6203125
0 0.2296875 0.621875 0.1671875 0.1484375
0 0.253125 0.46015625 0.159375 0.1390625
0 0.18046875 0.2703125 0.1796875 0.153125
0 0.75078125 0.25234375 0.209375 0.1984375
0 0.76875 0.459375 0.2171875 0.290625
1 0.17421875 0.26796875 0.1125 0.0984375
1 0.203125 0.59921875 0.125 0.1171875
1 0.14140625 0.87890625 0.140625 0.115625
1 0.7359375 0.21484375 0.10625 0.10625
1 0.7578125 0.353125 0.1234375 0.109375
1 0.56328125 0.17265625 0.1453125 0.075
1 0.33359375 0.196875 0.1296875 0.053125
1 0.6359375 0.85234375 0.128125 0.09375
1 0.8515625 0.84609375 0.1234375 0.1078125
1 0.3859375 0.8625 0.1453125 0.109375