0 0.8484375 0.4140625 0.1609375 0.34375
0 0.7625 0.39296875 0.1484375 0.309375
0 0.66328125 0.403125 0.121875 0.3109375
0 0.56484375 0.403125 0.125 0.3109375
0 0.47890625 0.390625 0.125 0.303125
0 0.38046875 0.39609375 0.1078125 0.3125
0 0.64375 0.56796875 0.146875 0.2671875
0 0.53828125 0.571875 0.115625 0.290625
0 0.4453125 0.57578125 0.1078125 0.296875
0 0.3578125 0.5796875 0.078125 0.2921875
0 0.26796875 0.57421875 0.090625 0.2890625
0 0.1640625 0.584375 0.115625 0.2921875
1 0.84765625 0.2703125 0.05625 0.0421875
1 0.75390625 0.2703125 0.05625 0.0328125