0 0.121875 0.2453125 0.228125 0.490625
0 0.26328125 0.24453125 0.1953125 0.48125
0 0.3890625 0.2421875 0.2265625 0.43125
0 0.521875 0.27109375 0.2203125 0.4390625
0 0.6796875 0.28125 0.2390625 0.44375
0 0.80625 0.3046875 0.228125 0.45
0 0.9234375 0.290625 0.153125 0.446875
0 0.10703125 0.70078125 0.2140625 0.4703125
0 0.29765625 0.7046875 0.1859375 0.45625
0 0.42421875 0.6984375 0.178125 0.4125
0 0.540625 0.675 0.203125 0.3265625
0 0.690625 0.7109375 0.15625 0.4078125
0 0.83359375 0.72109375 0.1921875 0.3875