0 0.8328125 0.36640625 0.1953125 0.35625
0 0.7453125 0.35703125 0.1796875 0.321875
0 0.6484375 0.38125 0.1546875 0.321875
0 0.55078125 0.3953125 0.1578125 0.321875
0 0.4640625 0.39453125 0.15625 0.3140625
0 0.3671875 0.4140625 0.140625 0.321875
0 0.6515625 0.54765625 0.1734375 0.2796875
0 0.5484375 0.565625 0.1453125 0.3
0 0.45625 0.5828125 0.1390625 0.30625
0 0.3703125 0.5984375 0.1078125 0.296875
0 0.28046875 0.60546875 0.1203125 0.2953125
0 0.17890625 0.6296875 0.1453125 0.3015625
1 0.8125 0.22421875 0.0609375 0.046875
1 0.71953125 0.23671875 0.059375 0.0375