0 0.12734375 0.53125 0.25 0.76875
0 0.21484375 0.503125 0.3171875 0.7828125
0 0.38828125 0.4640625 0.2671875 0.8125
0 0.5359375 0.47421875 0.2796875 0.8515625
0 0.69609375 0.47734375 0.2484375 0.8375
0 0.79140625 0.5265625 0.25625 0.7921875
0 0.8578125 0.546875 0.2765625 0.8203125
1 0.1265625 0.85546875 0.1203125 0.065625
1 0.37109375 0.834375 0.153125 0.090625
1 0.63984375 0.84921875 0.1453125 0.0828125
1 0.74453125 0.86953125 0.1734375 0.084375
1 0.23359375 0.84296875 0.11875 0.078125
1 0.50234375 0.834375 0.1671875 0.0890625