0 0.89140625 0.25546875 0.203125 0.503125
0 0.75 0.25703125 0.1703125 0.4734375
0 0.62421875 0.2484375 0.20625 0.421875
0 0.48984375 0.2703125 0.1984375 0.4296875
0 0.33203125 0.27265625 0.2171875 0.4328125
0 0.20390625 0.2890625 0.20625 0.440625
0 0.0765625 0.2671875 0.153125 0.440625
0 0.89296875 0.72109375 0.2140625 0.4609375
0 0.69140625 0.71484375 0.1625 0.45
0 0.565625 0.70234375 0.15625 0.40625
0 0.45 0.67265625 0.1859375 0.3171875
0 0.2984375 0.70078125 0.134375 0.4015625
0 0.1546875 0.70390625 0.171875 0.3796875