0 0.10703125 0.6234375 0.1796875 0.375
0 0.23203125 0.6359375 0.1515625 0.35625
0 0.35078125 0.65390625 0.1890625 0.35625
0 0.48046875 0.65390625 0.1515625 0.365625
0 0.60234375 0.67734375 0.1484375 0.3578125
0 0.7359375 0.6796875 0.1515625 0.3765625
0 0.85625 0.675 0.1609375 0.3734375
1 0.10703125 0.49375 0.0828125 0.046875
1 0.2296875 0.503125 0.0734375 0.04375
1 0.36796875 0.50859375 0.0734375 0.0421875
1 0.48671875 0.51875 0.078125 0.0390625
1 0.6078125 0.52109375 0.0859375 0.0421875
1 0.725 0.5328125 0.0796875 0.0390625
1 0.85546875 0.5390625 0.090625 0.0390625