0 0.871875 0.32265625 0.1796875 0.375
0 0.74609375 0.32734375 0.1515625 0.35625
0 0.6265625 0.3265625 0.1890625 0.35625
0 0.49765625 0.3453125 0.1515625 0.365625
0 0.37421875 0.3390625 0.1484375 0.3578125
0 0.24140625 0.35546875 0.1515625 0.3765625
0 0.12265625 0.37578125 0.1609375 0.3734375
1 0.88984375 0.4515625 0.0828125 0.046875
1 0.7671875 0.459375 0.0734375 0.04375
1 0.6296875 0.47265625 0.0734375 0.0421875
1 0.51015625 0.4796875 0.078125 0.0390625
1 0.38984375 0.49453125 0.0859375 0.0421875
1 0.27265625 0.4984375 0.0796875 0.0390625
1 0.14296875 0.5109375 0.090625 0.0390625