0 0.13125 0.525 0.2 0.3890625
0 0.259375 0.54609375 0.175 0.3984375
0 0.35546875 0.58203125 0.15625 0.3296875
0 0.45390625 0.6015625 0.134375 0.309375
0 0.5375 0.60859375 0.153125 0.334375
0 0.64140625 0.64140625 0.1578125 0.3046875
0 0.3546875 0.4015625 0.1796875 0.3828125
0 0.46796875 0.409375 0.1734375 0.378125
0 0.575 0.43046875 0.165625 0.3640625
0 0.6796875 0.446875 0.146875 0.35625
0 0.7640625 0.4640625 0.1609375 0.3765625
0 0.87109375 0.4734375 0.159375 0.3703125
1 0.12265625 0.66953125 0.0640625 0.0609375
1 0.23125 0.68515625 0.071875 0.04375
1 0.33046875 0.7046875 0.0796875 0.0578125
1 0.43046875 0.7140625 0.08125 0.05625
1 0.5265625 0.73359375 0.0859375 0.0640625
1 0.625 0.746875 0.078125 0.0515625