0 0.11640625 0.65078125 0.1546875 0.365625
0 0.2421875 0.6546875 0.128125 0.3484375
0 0.36171875 0.6640625 0.165625 0.3453125
0 0.49140625 0.6546875 0.1265625 0.3578125
0 0.6140625 0.66953125 0.125 0.35
0 0.74765625 0.6625 0.1265625 0.36875
0 0.86796875 0.65 0.1359375 0.3640625
1 0.1078125 0.52109375 0.08046875 0.04140625
1 0.23046875 0.521875 0.0703125 0.0390625
1 0.36875 0.51796875 0.0703125 0.03671875
1 0.48828125 0.51953125 0.07578125 0.03359375
1 0.609375 0.51328125 0.08359375 0.03671875
1 0.7265625 0.5171875 0.078125 0.03359375
1 0.85703125 0.5140625 0.08828125 0.03359375