0 0.1640625 0.43984375 0.15 0.3671875
0 0.3015625 0.40703125 0.10625 0.2796875
0 0.41484375 0.396875 0.10625 0.2796875
0 0.5140625 0.39921875 0.121875 0.284375
0 0.634375 0.37265625 0.1375 0.215625
0 0.74375 0.3953125 0.1203125 0.259375
0 0.2609375 0.58125 0.1796875 0.390625
0 0.38203125 0.5875 0.125 0.3921875
0 0.51015625 0.59453125 0.125 0.3875
0 0.61953125 0.60078125 0.125 0.3953125
0 0.709375 0.60703125 0.1390625 0.3984375
0 0.83984375 0.6046875 0.15 0.38125
1 0.1890625 0.28046875 0.0890625 0.0609375
1 0.3 0.28828125 0.0765625 0.0765625
1 0.409375 0.29375 0.065625 0.0734375
1 0.5234375 0.3015625 0.0671875 0.084375
1 0.63515625 0.31015625 0.0765625 0.06875
1 0.7421875 0.315625 0.071875 0.084375