0 0.9359375 0.78984375 0.1140625 0.3359375
0 0.8515625 0.78203125 0.11875 0.3234375
0 0.7828125 0.77734375 0.115625 0.33125
0 0.71875 0.759375 0.1078125 0.315625
0 0.64296875 0.759375 0.1015625 0.28125
0 0.56171875 0.753125 0.1125 0.2921875
0 0.4984375 0.759375 0.1015625 0.2875
0 0.43203125 0.759375 0.13125 0.284375
0 0.3640625 0.76328125 0.109375 0.2953125
0 0.284375 0.778125 0.11875 0.3265625
0 0.2265625 0.78125 0.1015625 0.2890625
0 0.15859375 0.79296875 0.1078125 0.315625
0 0.08671875 0.8015625 0.11875 0.3359375
1 0.92421875 0.63984375 0.06875 0.040625
1 0.84609375 0.64375 0.0578125 0.0296875
1 0.77578125 0.64375 0.0421875 0.03125
1 0.71328125 0.640625 0.046875 0.025
1 0.6484375 0.6359375 0.0421875 0.03125
1 0.57265625 0.6375 0.053125 0.034375
1 0.49609375 0.63671875 0.05 0.025
1 0.43046875 0.6421875 0.0453125 0.0265625
1 0.36328125 0.64296875 0.05 0.0328125
1 0.29375 0.64609375 0.0578125 0.025
1 0.225 0.64765625 0.0453125 0.03125
1 0.16640625 0.65390625 0.053125 0.0375
1 0.09375 0.659375 0.0625 0.0296875