0 0.93046875 0.20234375 0.1078125 0.334375
0 0.846875 0.21171875 0.1125 0.321875
0 0.778125 0.21796875 0.109375 0.3296875
0 0.7140625 0.23671875 0.103125 0.3140625
0 0.63828125 0.23828125 0.096875 0.2796875
0 0.55703125 0.24609375 0.1078125 0.290625
0 0.49375 0.240625 0.096875 0.2859375
0 0.42734375 0.2421875 0.1265625 0.2828125
0 0.359375 0.2390625 0.1046875 0.29375
0 0.2796875 0.22578125 0.1125 0.325
0 0.221875 0.2234375 0.096875 0.2875
0 0.15390625 0.21328125 0.103125 0.3140625
0 0.08125 0.20546875 0.1125 0.334375
1 0.921875 0.353125 0.06875 0.0390625
1 0.84375 0.35 0.05625 0.028125
1 0.7734375 0.3515625 0.040625 0.03125
1 0.7109375 0.35546875 0.046875 0.0234375
1 0.64609375 0.36171875 0.040625 0.03125
1 0.5703125 0.3609375 0.053125 0.034375
1 0.49375 0.36328125 0.05 0.0234375
1 0.428125 0.359375 0.04375 0.025
1 0.3609375 0.359375 0.05 0.03125
1 0.29140625 0.3578125 0.05625 0.0234375
1 0.22265625 0.35703125 0.04375 0.03125
1 0.1640625 0.3515625 0.053125 0.0375
1 0.09140625 0.34765625 0.0625 0.028125