0 0.8859375 0.64375 0.1609375 0.36875
0 0.76015625 0.65 0.134375 0.35
0 0.64140625 0.66171875 0.171875 0.3484375
0 0.5109375 0.6546875 0.1328125 0.359375
0 0.3890625 0.671875 0.13125 0.3515625
0 0.25546875 0.6671875 0.1328125 0.3703125
0 0.134375 0.65625 0.1421875 0.365625
1 0.8921875 0.5140625 0.08125 0.0421875
1 0.76953125 0.5171875 0.0703125 0.040625
1 0.63125 0.515625 0.0703125 0.0375
1 0.51171875 0.51953125 0.0765625 0.034375
1 0.390625 0.51484375 0.084375 0.0375
1 0.2734375 0.52109375 0.078125 0.034375
1 0.14296875 0.5203125 0.0890625 0.034375