0 0.16015625 0.52421875 0.15 0.3671875
0 0.29296875 0.571875 0.10625 0.2796875
0 0.4046875 0.59375 0.10625 0.2796875
0 0.503125 0.6015625 0.121875 0.284375
0 0.6203125 0.640625 0.1375 0.215625
0 0.73203125 0.6296875 0.1203125 0.259375
0 0.27109375 0.39375 0.1796875 0.390625
0 0.39140625 0.40078125 0.125 0.3921875
0 0.51953125 0.40703125 0.125 0.3875
0 0.6296875 0.4125 0.125 0.3953125
0 0.71953125 0.415625 0.1390625 0.3984375
0 0.8484375 0.43125 0.15 0.38125
1 0.16796875 0.6859375 0.0890625 0.0609375
1 0.27890625 0.68984375 0.0765625 0.0765625
1 0.38828125 0.69609375 0.065625 0.0734375
1 0.503125 0.7 0.0671875 0.084375
1 0.61484375 0.703125 0.0765625 0.06875
1 0.72109375 0.70859375 0.071875 0.084375