0 0.84140625 0.38984375 0.171875 0.3484375
0 0.7546875 0.375 0.159375 0.3140625
0 0.65625 0.39140625 0.1328125 0.315625
0 0.5578125 0.39921875 0.1359375 0.315625
0 0.471875 0.3921875 0.1359375 0.3078125
0 0.3734375 0.4046875 0.11875 0.315625
0 0.64765625 0.5578125 0.15625 0.271875
0 0.54375 0.56875 0.1265625 0.29375
0 0.45078125 0.57890625 0.11875 0.3
0 0.3640625 0.5890625 0.0890625 0.29375
0 0.27421875 0.58984375 0.1015625 0.2921875
0 0.17109375 0.60703125 0.1265625 0.2953125
1 0.83125 0.24609375 0.0578125 0.04375
1 0.7375 0.253125 0.0578125 0.034375