0 0.1484375 0.57421875 0.171875 0.3484375
0 0.23359375 0.59765625 0.159375 0.3140625
0 0.33359375 0.59140625 0.1328125 0.315625
0 0.43203125 0.59453125 0.1359375 0.315625
0 0.5171875 0.61015625 0.1359375 0.3078125
0 0.615625 0.6078125 0.11875 0.315625
0 0.359375 0.4265625 0.15625 0.271875
0 0.4640625 0.4265625 0.1265625 0.29375
0 0.55703125 0.4265625 0.11875 0.3
0 0.64453125 0.42578125 0.0890625 0.29375
0 0.734375 0.434375 0.1015625 0.2921875
0 0.83828125 0.428125 0.1265625 0.2953125
1 0.14453125 0.71796875 0.0578125 0.04375
1 0.23828125 0.72109375 0.0578125 0.034375