0 0.38671875 0.48125 0.225 0.64375
0 0.6390625 0.4546875 0.2390625 0.621875
0 0.84453125 0.4796875 0.3109375 0.6765625
0 0.1515625 0.8578125 0.25625 0.246875
0 0.3859375 0.8625 0.20625 0.171875
0 0.584375 0.85625 0.190625 0.2328125
0 0.80234375 0.8703125 0.209375 0.21875
0 0.09296875 0.4875 0.1859375 0.609375
0 0.221875 0.60234375 0.1578125 0.1375
0 0.25625 0.44296875 0.1515625 0.128125
0 0.19765625 0.2484375 0.1703125 0.1421875
0 0.7671875 0.2703125 0.196875 0.1859375
0 0.77109375 0.478125 0.1984375 0.278125
1 0.19140625 0.24609375 0.10703125 0.09140625
1 0.196875 0.578125 0.1171875 0.109375
1 0.115625 0.853125 0.1328125 0.10703125
1 0.75546875 0.23203125 0.09921875 0.09921875
1 0.7671875 0.37109375 0.1171875 0.1015625
1 0.5859375 0.178125 0.140625 0.06484375
1 0.35546875 0.1859375 0.12734375 0.04453125
1 0.6109375 0.8609375 0.12265625 0.0859375
1 0.8265625 0.86953125 0.1171875 0.09921875
1 0.3609375 0.85390625 0.13828125 0.09921875