0 0.165625 0.565625 0.15625 0.36875
0 0.303125 0.596875 0.1109375 0.28125
0 0.41640625 0.6046875 0.1109375 0.28125
0 0.515625 0.60078125 0.1265625 0.2859375
0 0.63671875 0.625 0.140625 0.2171875
0 0.74609375 0.6 0.125 0.2609375
0 0.259375 0.42265625 0.1859375 0.39375
0 0.38046875 0.4140625 0.13125 0.39375
0 0.50859375 0.40546875 0.13125 0.3890625
0 0.61796875 0.396875 0.13125 0.396875
0 0.7078125 0.3890625 0.1453125 0.4
0 0.8375 0.38984375 0.1578125 0.3828125
1 0.19296875 0.725 0.0890625 0.0625
1 0.30390625 0.71484375 0.078125 0.078125
1 0.4125 0.7078125 0.0671875 0.075
1 0.52734375 0.69765625 0.0671875 0.084375
1 0.63828125 0.6875 0.0765625 0.0703125
1 0.7453125 0.68046875 0.0734375 0.084375