0 0.91640625 0.3140625 0.1671875 0.471875
0 0.7578125 0.29375 0.2359375 0.4671875
0 0.546875 0.284375 0.2203125 0.4828125
0 0.39921875 0.23359375 0.215625 0.4640625
0 0.1765625 0.22109375 0.253125 0.4421875
0 0.83125 0.7953125 0.25625 0.409375
0 0.621875 0.796875 0.215625 0.40625
0 0.43359375 0.78046875 0.2015625 0.4390625
0 0.24375 0.7515625 0.246875 0.4515625
0 0.07734375 0.7234375 0.1546875 0.446875
2 0.93671875 0.303125 0.1265625 0.1375
2 0.7421875 0.27890625 0.146875 0.1265625
2 0.56875 0.26015625 0.140625 0.1296875
2 0.40546875 0.23203125 0.15625 0.15
2 0.16484375 0.2046875 0.1578125 0.13125
2 0.83828125 0.796875 0.1546875 0.14375
2 0.6359375 0.78125 0.14375 0.1265625
2 0.45078125 0.7609375 0.14375 0.1328125
2 0.23828125 0.7390625 0.1421875 0.1265625
2 0.06328125 0.71015625 0.1265625 0.1421875
1 0.96171875 0.13203125 0.0765625 0.0640625
1 0.78359375 0.1078125 0.1 0.0625
1 0.58828125 0.08671875 0.1015625 0.059375
1 0.42578125 0.06171875 0.1015625 0.0625
1 0.18984375 0.03203125 0.0921875 0.0515625
1 0.85390625 0.634375 0.096875 0.059375
1 0.65859375 0.62109375 0.084375 0.065625
1 0.46875 0.596875 0.1078125 0.06875
1 0.26796875 0.56640625 0.1 0.0828125
1 0.07421875 0.540625 0.1 0.06875