0 0.91640625 0.27578125 0.1671875 0.4609375
0 0.7390625 0.27265625 0.1984375 0.4546875
0 0.528125 0.28046875 0.18125 0.4734375
0 0.3765625 0.24296875 0.178125 0.4546875
0 0.153125 0.24140625 0.215625 0.446875
0 0.859375 0.78359375 0.21875 0.4328125
0 0.6484375 0.79296875 0.18125 0.4140625
0 0.45859375 0.78515625 0.165625 0.4296875
0 0.26640625 0.7734375 0.2109375 0.4390625
0 0.07890625 0.76171875 0.1578125 0.4390625
2 0.92578125 0.265625 0.1328125 0.1265625
2 0.72265625 0.25859375 0.1390625 0.115625
2 0.546875 0.25546875 0.1328125 0.11875
2 0.38203125 0.24140625 0.1453125 0.1390625
2 0.140625 0.234375 0.15 0.1203125
2 0.86328125 0.76640625 0.1453125 0.1328125
2 0.659375 0.76796875 0.1359375 0.115625
2 0.4734375 0.76484375 0.1359375 0.121875
2 0.26015625 0.7609375 0.134375 0.115625
2 0.07421875 0.7484375 0.1359375 0.13125
1 0.9359375 0.0921875 0.0859375 0.05625
1 0.7484375 0.084375 0.096875 0.0546875
1 0.5515625 0.08046875 0.0984375 0.0515625
1 0.38828125 0.0703125 0.0984375 0.0546875
1 0.15 0.0609375 0.090625 0.04375
1 0.8640625 0.603125 0.09375 0.0515625
1 0.66875 0.60625 0.08125 0.059375
1 0.47734375 0.59921875 0.1046875 0.059375
1 0.275 0.5859375 0.0953125 0.075
1 0.07890625 0.57734375 0.096875 0.0625