0 0.13828125 0.57578125 0.15 0.375
0 0.26796875 0.57890625 0.121875 0.3859375
0 0.36875 0.6015625 0.1140625 0.31875
0 0.46875 0.60703125 0.09375 0.3
0 0.55234375 0.60234375 0.1109375 0.3234375
0 0.659375 0.6203125 0.11875 0.2921875
0 0.34296875 0.42265625 0.1296875 0.3703125
0 0.45546875 0.41484375 0.1234375 0.365625
0 0.56484375 0.4203125 0.11875 0.3515625
0 0.67109375 0.42265625 0.1 0.346875
0 0.75703125 0.428125 0.1109375 0.365625
0 0.8640625 0.421875 0.1109375 0.359375
1 0.15 0.7203125 0.0578125 0.053125
1 0.259375 0.72109375 0.06875 0.034375
1 0.3609375 0.7265625 0.0734375 0.0484375
1 0.4609375 0.721875 0.0765625 0.0453125
1 0.55859375 0.72734375 0.0796875 0.053125
1 0.6578125 0.72734375 0.0734375 0.0421875