0 0.128125 0.5375 0.2375 0.765625
0 0.21484375 0.5078125 0.303125 0.778125
0 0.3875 0.465625 0.2546875 0.809375
0 0.5359375 0.4734375 0.265625 0.8484375
0 0.6953125 0.47421875 0.234375 0.8359375
0 0.79140625 0.521875 0.24375 0.7890625
0 0.85859375 0.540625 0.2625 0.8171875
1 0.1328125 0.86171875 0.1203125 0.0625
1 0.3765625 0.8359375 0.153125 0.0875
1 0.64609375 0.84609375 0.14375 0.0796875
1 0.75078125 0.86484375 0.1734375 0.08125
1 0.2390625 0.84765625 0.11875 0.0765625
1 0.50859375 0.834375 0.165625 0.0859375