0 0.8640625 0.56328125 0.1625 0.378125
0 0.734375 0.5703125 0.1359375 0.390625
0 0.63515625 0.596875 0.125 0.321875
0 0.53515625 0.60625 0.1046875 0.303125
0 0.4515625 0.60390625 0.121875 0.3265625
0 0.34453125 0.62578125 0.1296875 0.296875
0 0.6546875 0.41796875 0.1421875 0.375
0 0.54140625 0.41328125 0.1359375 0.3703125
0 0.4328125 0.42265625 0.13125 0.3546875
0 0.3265625 0.428125 0.1109375 0.35
0 0.240625 0.43671875 0.1234375 0.36875
0 0.13359375 0.434375 0.1234375 0.3625
1 0.8578125 0.7078125 0.059375 0.0546875
1 0.7484375 0.7125 0.0703125 0.0375
1 0.646875 0.721875 0.075 0.05
1 0.546875 0.7203125 0.078125 0.0484375
1 0.44921875 0.7296875 0.08125 0.05625
1 0.35 0.73203125 0.075 0.0453125