0 0.853125 0.39140625 0.29375 0.7765625
0 0.778125 0.43828125 0.36875 0.7953125
0 0.6171875 0.51171875 0.321875 0.821875
0 0.46953125 0.5328125 0.3359375 0.8609375
0 0.31328125 0.5625 0.303125 0.8453125
0 0.21015625 0.534375 0.309375 0.8
0 0.15234375 0.52734375 0.3046875 0.8296875
1 0.79140625 0.075 0.1234375 0.0734375
1 0.55703125 0.14609375 0.1578125 0.1
1 0.290625 0.1875 0.15 0.0921875
1 0.184375 0.1890625 0.178125 0.0953125
1 0.68984375 0.10859375 0.1234375 0.0859375
1 0.428125 0.1734375 0.1703125 0.1