0 0.840625 0.4828125 0.1921875 0.378125
0 0.7140625 0.54609375 0.1390625 0.2875
0 0.60625 0.58125 0.1390625 0.2875
0 0.509375 0.6015625 0.1546875 0.29375
0 0.39765625 0.6546875 0.1609375 0.228125
0 0.2859375 0.65703125 0.15 0.2703125
0 0.71484375 0.3671875 0.2234375 0.4046875
0 0.5953125 0.38828125 0.1703125 0.4
0 0.46875 0.41015625 0.1703125 0.3953125
0 0.36015625 0.42890625 0.1703125 0.403125
0 0.271875 0.44296875 0.184375 0.40625
0 0.1453125 0.47421875 0.19375 0.3921875
1 0.85234375 0.64453125 0.0953125 0.0703125
1 0.74296875 0.6609375 0.084375 0.084375
1 0.63515625 0.68125 0.0734375 0.0796875
1 0.521875 0.6984375 0.075 0.090625
1 0.4109375 0.715625 0.0828125 0.0765625
1 0.30546875 0.734375 0.08125 0.090625