0 0.1296875 0.44921875 0.2109375 0.759375
0 0.215625 0.48203125 0.278125 0.7703125
0 0.38671875 0.53046875 0.2265625 0.803125
0 0.53515625 0.52734375 0.2359375 0.840625
0 0.69453125 0.5328125 0.2046875 0.8296875
0 0.7921875 0.48828125 0.2171875 0.7828125
0 0.859375 0.471875 0.234375 0.809375
1 0.14609375 0.12578125 0.11875 0.059375
1 0.38828125 0.159375 0.15 0.0828125
1 0.6578125 0.15859375 0.1421875 0.075
1 0.76328125 0.14375 0.1703125 0.075
1 0.2515625 0.14296875 0.115625 0.071875
1 0.5203125 0.165625 0.1625 0.08125