0 0.1015625 0.709375 0.203125 0.5125
0 0.23046875 0.7203125 0.1953125 0.48125
0 0.35390625 0.73984375 0.2265625 0.43125
0 0.48984375 0.7296875 0.2203125 0.4390625
0 0.64765625 0.74140625 0.2390625 0.44375
0 0.7765625 0.7359375 0.228125 0.45
0 0.90546875 0.76875 0.1828125 0.446875
0 0.128125 0.2453125 0.2375 0.4703125
0 0.328125 0.26953125 0.1859375 0.45625
0 0.45234375 0.29296875 0.178125 0.4125
0 0.56484375 0.33203125 0.203125 0.3265625
0 0.71796875 0.31796875 0.15625 0.4078125
0 0.86171875 0.32734375 0.1921875 0.3875