0 0.38828125 0.5265625 0.26875 0.6578125
0 0.6421875 0.53515625 0.28125 0.6375
0 0.8328125 0.4953125 0.334375 0.696875
0 0.13203125 0.16640625 0.2640625 0.2640625
0 0.3609375 0.14609375 0.2171875 0.1859375
0 0.559375 0.1390625 0.20625 0.2453125
0 0.77578125 0.1125 0.2234375 0.225
0 0.10390625 0.53984375 0.2078125 0.6203125
0 0.215625 0.4171875 0.1671875 0.1484375
0 0.2609375 0.57421875 0.159375 0.1390625
0 0.215625 0.771875 0.1796875 0.153125
0 0.7828125 0.71015625 0.209375 0.1984375
0 0.771875 0.503125 0.2171875 0.290625
1 0.21015625 0.775 0.1125 0.0984375
1 0.1921875 0.44296875 0.125 0.1171875
1 0.0921875 0.17421875 0.140625 0.115625
1 0.7734375 0.74921875 0.10625 0.10625
1 0.77578125 0.61015625 0.1234375 0.109375
1 0.6078125 0.81484375 0.1453125 0.075
1 0.37734375 0.8234375 0.1296875 0.053125
1 0.58515625 0.13203125 0.128125 0.09375
1 0.8 0.10859375 0.1234375 0.1078125
1 0.33671875 0.15703125 0.1453125 0.109375