2 0.13203125 0.47109375 0.20625 0.1078125
2 0.375 0.49453125 0.1859375 0.0859375
2 0.571875 0.4703125 0.1953125 0.084375
2 0.86171875 0.48515625 0.1671875 0.1109375
0 0.10546875 0.5015625 0.1640625 0.4640625
0 0.365625 0.49140625 0.1953125 0.4421875
0 0.5671875 0.49453125 0.1609375 0.465625
0 0.88203125 0.4984375 0.16875 0.4328125
1 0.06640625 0.2515625 0.0703125 0.0703125
1 0.21484375 0.2578125 0.09609375 0.08828125
1 0.04453125 0.77578125 0.08359375 0.08359375
1 0.21484375 0.775 0.11171875 0.0859375
1 0.91796875 0.7875 0.0859375 0.09140625
1 0.91171875 0.609375 0.109375 0.09921875
1 0.7125 0.2515625 0.07578125 0.10703125
1 0.2578125 0.56640625 0.09375 0.09140625
1 0.71328125 0.3984375 0.09921875 0.078125
1 0.9203125 0.31796875 0.10703125 0.08828125