2 0.13671875 0.5671875 0.215625 0.128125
2 0.3765625 0.51875 0.19375 0.1046875
2 0.57421875 0.521875 0.203125 0.1046875
2 0.8609375 0.4765625 0.178125 0.128125
0 0.1078125 0.53984375 0.2109375 0.478125
0 0.3671875 0.52265625 0.240625 0.4609375
0 0.5671875 0.4984375 0.209375 0.4796875
0 0.88046875 0.46171875 0.2125 0.4484375
1 0.09453125 0.7921875 0.0765625 0.0765625
1 0.24140625 0.7703125 0.1046875 0.0984375
1 0.03203125 0.27265625 0.0640625 0.0921875
1 0.1875 0.25625 0.1203125 0.096875
1 0.8859375 0.1703125 0.0953125 0.1
1 0.89765625 0.3484375 0.11875 0.109375
1 0.7375 0.725 0.0859375 0.1140625
1 0.25234375 0.459375 0.103125 0.1
1 0.72265625 0.57890625 0.10625 0.0875
1 0.93671875 0.63671875 0.115625 0.0984375