2 0.13125 0.496875 0.2125 0.121875
2 0.375 0.503125 0.1921875 0.0984375
2 0.56953125 0.465625 0.2 0.0984375
2 0.86015625 0.46015625 0.175 0.121875
0 0.10625 0.52890625 0.1953125 0.475
0 0.365625 0.50078125 0.225 0.4546875
0 0.56640625 0.48984375 0.19375 0.475
0 0.88125 0.471875 0.1984375 0.44375
1 0.05 0.28203125 0.075 0.075
1 0.1984375 0.278125 0.1015625 0.0953125
1 0.06484375 0.80703125 0.0890625 0.0890625
1 0.234375 0.79453125 0.1171875 0.09375
1 0.93671875 0.7578125 0.0921875 0.096875
1 0.91796875 0.58046875 0.115625 0.10625
1 0.69453125 0.2375 0.0828125 0.1125
1 0.26328125 0.5828125 0.1 0.0984375
1 0.70546875 0.38359375 0.1046875 0.084375
1 0.90625 0.2890625 0.1125 0.0953125