0 0.6125 0.47734375 0.246875 0.6515625
0 0.359375 0.459375 0.2609375 0.6296875
0 0.1609375 0.490625 0.321875 0.6875
0 0.8609375 0.8453125 0.2640625 0.25625
0 0.6265625 0.85859375 0.2125 0.1796875
0 0.428125 0.85859375 0.1984375 0.2390625
0 0.2109375 0.88046875 0.2171875 0.2265625
0 0.90078125 0.4734375 0.1984375 0.615625
0 0.78125 0.5921875 0.1625 0.1421875
0 0.74140625 0.434375 0.15625 0.1328125
0 0.79375 0.23828125 0.175 0.1484375
0 0.225 0.2796875 0.203125 0.1921875
0 0.228125 0.4875 0.2078125 0.284375
1 0.79921875 0.23515625 0.109375 0.0953125
1 0.80546875 0.5671875 0.1203125 0.1140625
1 0.89609375 0.83984375 0.1359375 0.1109375
1 0.23515625 0.24140625 0.103125 0.103125
1 0.228125 0.38046875 0.1203125 0.10625
1 0.403125 0.18125 0.1421875 0.0703125
1 0.63359375 0.18125 0.128125 0.0484375
1 0.4015625 0.86484375 0.125 0.090625
1 0.18671875 0.88046875 0.1203125 0.103125
1 0.6515625 0.84921875 0.1421875 0.1046875