0 0.1359375 0.43671875 0.1625 0.378125
0 0.265625 0.4296875 0.1359375 0.390625
0 0.36484375 0.403125 0.125 0.321875
0 0.46484375 0.39375 0.1046875 0.303125
0 0.5484375 0.39609375 0.121875 0.3265625
0 0.65546875 0.37421875 0.1296875 0.296875
0 0.3453125 0.58203125 0.1421875 0.375
0 0.45859375 0.58671875 0.1359375 0.3703125
0 0.5671875 0.57734375 0.13125 0.3546875
0 0.6734375 0.571875 0.1109375 0.35
0 0.759375 0.56328125 0.1234375 0.36875
0 0.86640625 0.565625 0.1234375 0.3625
1 0.1421875 0.2921875 0.059375 0.0546875
1 0.2515625 0.2875 0.0703125 0.0375
1 0.353125 0.278125 0.075 0.05
1 0.453125 0.2796875 0.078125 0.0484375
1 0.55078125 0.2703125 0.08125 0.05625
1 0.65 0.26796875 0.075 0.0453125