0 0.13046875 0.55703125 0.1984375 0.75625
0 0.215625 0.52265625 0.2640625 0.765625
0 0.3859375 0.471875 0.2125 0.8
0 0.534375 0.471875 0.221875 0.8375
0 0.69375 0.4640625 0.190625 0.8265625
0 0.7921875 0.50625 0.203125 0.7796875
0 0.86015625 0.521875 0.2203125 0.80625
1 0.15234375 0.88046875 0.1171875 0.05625
1 0.39453125 0.8421875 0.1484375 0.08125
1 0.6640625 0.83828125 0.140625 0.071875
1 0.76953125 0.8515625 0.16875 0.071875
1 0.2578125 0.8609375 0.115625 0.0703125
1 0.52578125 0.83359375 0.1625 0.078125