0 0.840625 0.5125 0.1625 0.3703125
0 0.709375 0.56484375 0.115625 0.28125
0 0.59921875 0.58984375 0.115625 0.28125
0 0.5 0.6015625 0.13125 0.2875
0 0.38515625 0.6453125 0.14375 0.2203125
0 0.27265625 0.6375 0.1296875 0.2625
0 0.725 0.3859375 0.1921875 0.3953125
0 0.6046875 0.396875 0.1375 0.3953125
0 0.47734375 0.4078125 0.1375 0.390625
0 0.3671875 0.41640625 0.1390625 0.3984375
0 0.27734375 0.42265625 0.153125 0.4015625
0 0.14921875 0.44375 0.1640625 0.384375
1 0.83828125 0.67421875 0.090625 0.0640625
1 0.72734375 0.68125 0.078125 0.078125
1 0.61875 0.6921875 0.06875 0.075
1 0.50390625 0.7 0.06875 0.0859375
1 0.39296875 0.70703125 0.078125 0.0703125
1 0.2859375 0.71640625 0.075 0.0859375