0 0.8453125 0.5984375 0.1609375 0.34375
0 0.75859375 0.61640625 0.1484375 0.309375
0 0.66015625 0.603125 0.121875 0.3109375
0 0.56171875 0.5984375 0.125 0.3109375
0 0.47578125 0.60859375 0.125 0.303125
0 0.37734375 0.59921875 0.1078125 0.3125
0 0.6453125 0.43671875 0.146875 0.2671875
0 0.54140625 0.4296875 0.115625 0.290625
0 0.4484375 0.42265625 0.1078125 0.296875
0 0.3609375 0.415625 0.078125 0.2921875
0 0.27109375 0.41796875 0.090625 0.2890625
0 0.1671875 0.4046875 0.115625 0.2921875
1 0.83984375 0.7421875 0.05625 0.0421875
1 0.74609375 0.7390625 0.05625 0.0328125