0 0.85546875 0.45078125 0.1953125 0.35625
0 0.77265625 0.42109375 0.1796875 0.321875
0 0.67265625 0.4203125 0.1546875 0.321875
0 0.575 0.4109375 0.1578125 0.321875
0 0.490625 0.3890625 0.15625 0.3140625
0 0.3921875 0.384375 0.140625 0.321875
0 0.63515625 0.5828125 0.1734375 0.2796875
0 0.53125 0.57578125 0.1453125 0.3
0 0.43828125 0.56953125 0.1390625 0.30625
0 0.35078125 0.5640625 0.1078125 0.296875
0 0.26171875 0.54921875 0.1203125 0.2953125
0 0.15703125 0.5484375 0.1453125 0.3015625
1 0.8703125 0.3078125 0.0609375 0.046875
1 0.7765625 0.29765625 0.059375 0.0375