0 0.0828125 0.7296875 0.165625 0.459375
0 0.26484375 0.73203125 0.190625 0.453125
0 0.47578125 0.71953125 0.1734375 0.4703125
0 0.628125 0.7546875 0.1703125 0.4515625
0 0.8515625 0.75234375 0.209375 0.44375
0 0.13515625 0.21796875 0.2109375 0.4359375
0 0.34609375 0.20703125 0.1734375 0.4140625
0 0.53671875 0.2140625 0.1578125 0.428125
0 0.72890625 0.22265625 0.2046875 0.4359375
0 0.91640625 0.23046875 0.1515625 0.4375
2 0.078125 0.74140625 0.13125 0.125
2 0.28203125 0.74453125 0.1359375 0.1140625
2 0.45703125 0.7453125 0.1296875 0.1171875
2 0.62265625 0.75703125 0.14375 0.1359375
2 0.8640625 0.75859375 0.146875 0.1171875
2 0.13203125 0.23984375 0.14375 0.1296875
2 0.3359375 0.234375 0.1328125 0.1140625
2 0.521875 0.23515625 0.134375 0.1203125
2 0.73515625 0.234375 0.13125 0.1140625
2 0.921875 0.24453125 0.134375 0.1296875
1 0.07109375 0.91484375 0.0859375 0.0546875
1 0.25859375 0.9203125 0.0953125 0.053125
1 0.45546875 0.9203125 0.0984375 0.05
1 0.61953125 0.928125 0.0984375 0.053125
1 0.8578125 0.9328125 0.0890625 0.0421875
1 0.134375 0.40390625 0.09375 0.05
1 0.32890625 0.39609375 0.0796875 0.0578125
1 0.5203125 0.40078125 0.103125 0.0578125
1 0.7234375 0.41015625 0.09375 0.0734375
1 0.91953125 0.415625 0.0953125 0.0609375