0 0.85859375 0.7640625 0.2609375 0.471875
0 0.71796875 0.76328125 0.2265625 0.4734375
0 0.59296875 0.76484375 0.2546875 0.4421875
0 0.46171875 0.7265625 0.2484375 0.4484375
0 0.30546875 0.70546875 0.2671875 0.4546875
0 0.18046875 0.6734375 0.2578125 0.4609375
0 0.0765625 0.67890625 0.153125 0.4546875
0 0.89140625 0.32734375 0.2171875 0.4828125
0 0.715625 0.31015625 0.215625 0.4640625
0 0.5890625 0.3078125 0.2046875 0.4203125
0 0.47109375 0.32265625 0.2234375 0.3359375
0 0.325 0.2765625 0.1828125 0.4140625
0 0.1828125 0.25546875 0.2171875 0.3953125