0 0.09140625 0.17265625 0.13125 0.340625
0 0.17421875 0.18828125 0.134375 0.3296875
0 0.2421875 0.19921875 0.1328125 0.3359375
0 0.3046875 0.22265625 0.125 0.3203125
0 0.38046875 0.22890625 0.115625 0.2859375
0 0.4609375 0.24296875 0.128125 0.296875
0 0.52421875 0.24140625 0.1171875 0.2921875
0 0.590625 0.24765625 0.1453125 0.290625
0 0.65859375 0.24921875 0.125 0.3
0 0.7390625 0.2421875 0.134375 0.3328125
0 0.796875 0.24375 0.1171875 0.29375
0 0.865625 0.23828125 0.125 0.3203125
0 0.93515625 0.23515625 0.1296875 0.3421875
1 0.0890625 0.32421875 0.0703125 0.04375
1 0.1671875 0.3265625 0.059375 0.0328125
1 0.2375 0.3328125 0.04375 0.034375
1 0.3 0.34140625 0.0484375 0.0265625
1 0.3640625 0.3515625 0.04375 0.034375
1 0.43984375 0.35625 0.0546875 0.0375
1 0.515625 0.3640625 0.05 0.0265625
1 0.58125 0.36484375 0.046875 0.028125
1 0.6484375 0.36953125 0.0515625 0.034375
1 0.71796875 0.37265625 0.0578125 0.028125
1 0.78671875 0.3765625 0.046875 0.034375
1 0.8453125 0.375 0.0546875 0.040625
1 0.91796875 0.3765625 0.0640625 0.0328125