0 0.878125 0.6640625 0.1671875 0.3703125
0 0.75234375 0.66328125 0.140625 0.353125
0 0.6328125 0.66875 0.178125 0.3515625
0 0.503125 0.6546875 0.1390625 0.3625
0 0.38046875 0.665625 0.1375 0.3546875
0 0.246875 0.65390625 0.1390625 0.3734375
0 0.12734375 0.63671875 0.1484375 0.36875
1 0.89140625 0.53515625 0.08125 0.04375
1 0.76875 0.53125 0.071875 0.0421875
1 0.63046875 0.52265625 0.071875 0.0390625
1 0.5109375 0.5203125 0.0765625 0.0359375
1 0.38984375 0.509375 0.084375 0.0390625
1 0.27265625 0.509375 0.0796875 0.0359375
1 0.14296875 0.5015625 0.0890625 0.0359375