0 0.14140625 0.58828125 0.15 0.375
0 0.27109375 0.58671875 0.121875 0.3859375
0 0.371875 0.60625 0.1140625 0.31875
0 0.471875 0.60859375 0.09375 0.3
0 0.55546875 0.60078125 0.1109375 0.3234375
0 0.6640625 0.6140625 0.11875 0.2921875
0 0.33984375 0.42890625 0.1296875 0.3703125
0 0.45234375 0.41640625 0.1234375 0.365625
0 0.56171875 0.41875 0.11875 0.3515625
0 0.66796875 0.41640625 0.1 0.346875
0 0.75390625 0.41875 0.1109375 0.365625
0 0.8609375 0.409375 0.1109375 0.359375
1 0.1578125 0.7328125 0.0578125 0.053125
1 0.2671875 0.72890625 0.06875 0.034375
1 0.36875 0.73125 0.0734375 0.0484375
1 0.46875 0.7234375 0.0765625 0.0453125
1 0.56640625 0.72578125 0.0796875 0.053125
1 0.665625 0.72109375 0.0734375 0.0421875