0 0.875 0.6703125 0.1734375 0.3734375
0 0.74921875 0.66796875 0.146875 0.3546875
0 0.6296875 0.67109375 0.1828125 0.353125
0 0.50078125 0.6546875 0.1453125 0.3640625
0 0.37734375 0.66328125 0.14375 0.35625
0 0.24453125 0.64921875 0.1453125 0.375
0 0.125 0.63046875 0.1546875 0.3703125
1 0.890625 0.54140625 0.0828125 0.0453125
1 0.76796875 0.5359375 0.071875 0.0421875
1 0.63046875 0.525 0.071875 0.040625
1 0.5109375 0.5203125 0.078125 0.0375
1 0.38984375 0.5078125 0.0859375 0.040625
1 0.27265625 0.50546875 0.0796875 0.0375
1 0.14296875 0.4953125 0.090625 0.0375