0 0.86015625 0.58203125 0.14375 0.371875
0 0.73046875 0.5828125 0.115625 0.384375
0 0.6296875 0.60390625 0.1078125 0.3171875
0 0.5296875 0.6078125 0.0890625 0.2984375
0 0.44609375 0.6015625 0.1046875 0.321875
0 0.33828125 0.6171875 0.1140625 0.290625
0 0.65859375 0.42578125 0.1234375 0.36875
0 0.54609375 0.415625 0.1171875 0.3640625
0 0.43671875 0.41953125 0.1125 0.35
0 0.33046875 0.41953125 0.09375 0.3453125
0 0.24453125 0.4234375 0.1046875 0.3640625
0 0.1375 0.415625 0.1046875 0.3578125
1 0.84609375 0.7265625 0.05625 0.053125
1 0.73671875 0.725 0.06875 0.034375
1 0.63515625 0.72890625 0.071875 0.046875
1 0.53515625 0.72265625 0.075 0.04375
1 0.4375 0.7265625 0.078125 0.053125
1 0.33828125 0.72421875 0.071875 0.040625