0 0.08359375 0.7453125 0.1671875 0.453125
0 0.2734375 0.73984375 0.175 0.446875
0 0.48359375 0.7203125 0.1578125 0.465625
0 0.63671875 0.75 0.1546875 0.446875
0 0.86015625 0.73984375 0.19375 0.4375
0 0.12578125 0.2234375 0.1953125 0.446875
0 0.3359375 0.20859375 0.159375 0.4171875
0 0.5265625 0.21328125 0.14375 0.4234375
0 0.71875 0.21484375 0.1890625 0.4296875
0 0.90703125 0.21640625 0.1359375 0.4328125
2 0.08671875 0.75625 0.1265625 0.1203125
2 0.290625 0.75234375 0.1328125 0.109375
2 0.465625 0.746875 0.1265625 0.1125
2 0.63125 0.75234375 0.1390625 0.13125
2 0.87265625 0.74609375 0.14375 0.1125
2 0.1234375 0.253125 0.1390625 0.125
2 0.3265625 0.240625 0.1296875 0.109375
2 0.5125 0.234375 0.1296875 0.115625
2 0.72578125 0.2265625 0.128125 0.109375
2 0.9125 0.2296875 0.1296875 0.125
1 0.0859375 0.9296875 0.084375 0.053125
1 0.2734375 0.928125 0.09375 0.05
1 0.4703125 0.921875 0.096875 0.046875
1 0.634375 0.9234375 0.096875 0.05
1 0.87265625 0.9203125 0.0875 0.0390625
1 0.13125 0.41640625 0.090625 0.046875
1 0.32578125 0.40234375 0.078125 0.0546875
1 0.5171875 0.4 0.1015625 0.0546875
1 0.7203125 0.40234375 0.090625 0.0703125
1 0.91640625 0.40078125 0.09375 0.05625