0 0.1375 0.43046875 0.15625 0.3765625
0 0.26640625 0.425 0.1296875 0.3875
0 0.36640625 0.40078125 0.11875 0.3203125
0 0.46640625 0.39296875 0.1 0.3015625
0 0.55 0.396875 0.115625 0.325
0 0.6578125 0.37734375 0.1234375 0.29375
0 0.34375 0.5796875 0.1359375 0.3734375
0 0.45703125 0.5859375 0.1296875 0.3671875
0 0.56640625 0.578125 0.125 0.353125
0 0.671875 0.57421875 0.10625 0.3484375
0 0.7578125 0.56796875 0.1171875 0.3671875
0 0.86484375 0.571875 0.1171875 0.3609375
1 0.14609375 0.2859375 0.059375 0.0546875
1 0.25546875 0.28359375 0.06875 0.0359375
1 0.35703125 0.27578125 0.075 0.05
1 0.45703125 0.27890625 0.0765625 0.046875
1 0.5546875 0.27109375 0.0796875 0.0546875
1 0.65390625 0.2703125 0.0734375 0.04375