0 0.38671875 0.52109375 0.2359375 0.646875
0 0.63984375 0.54296875 0.25 0.6265625
0 0.84140625 0.5140625 0.3171875 0.68125
0 0.1453125 0.1484375 0.2609375 0.2515625
0 0.3796875 0.13984375 0.209375 0.175
0 0.578125 0.1421875 0.1953125 0.2359375
0 0.79609375 0.12421875 0.2125 0.221875
0 0.0953125 0.51875 0.190625 0.6125
0 0.2203125 0.40234375 0.1609375 0.140625
0 0.25703125 0.5609375 0.153125 0.13125
0 0.20234375 0.75703125 0.1734375 0.1453125
0 0.77109375 0.725 0.2 0.1890625
0 0.77109375 0.5171875 0.203125 0.28125
1 0.19609375 0.759375 0.109375 0.09375
1 0.1953125 0.42734375 0.11875 0.1109375
1 0.109375 0.15390625 0.134375 0.109375
1 0.76015625 0.76328125 0.1015625 0.1015625
1 0.76953125 0.62421875 0.11875 0.103125
1 0.59140625 0.8203125 0.1421875 0.0671875
1 0.3609375 0.81640625 0.128125 0.046875
1 0.6046875 0.1375 0.1234375 0.0875
1 0.8203125 0.125 0.11875 0.1015625
1 0.3546875 0.1484375 0.140625 0.1015625