0 0.13203125 0.240625 0.2453125 0.48125
0 0.27265625 0.2390625 0.2109375 0.478125
0 0.39765625 0.2390625 0.240625 0.4375
0 0.53046875 0.271875 0.234375 0.44375
0 0.6875 0.28828125 0.253125 0.45
0 0.81328125 0.315625 0.24375 0.45625
0 0.9234375 0.30546875 0.153125 0.4515625
0 0.1078125 0.68515625 0.215625 0.4765625
0 0.290625 0.696875 0.2 0.4609375
0 0.4171875 0.6953125 0.190625 0.4171875
0 0.53515625 0.6765625 0.2125 0.33125
0 0.6828125 0.7171875 0.16875 0.4109375
0 0.82578125 0.7328125 0.2046875 0.3921875