0 0.6140625 0.5109375 0.26875 0.6578125
0 0.3640625 0.5546875 0.28125 0.6375
0 0.16796875 0.54375 0.3359375 0.696875
0 0.82265625 0.125 0.2734375 0.25
0 0.58828125 0.13046875 0.2171875 0.1859375
0 0.390625 0.15078125 0.20625 0.2453125
0 0.17265625 0.1515625 0.2234375 0.2328125
0 0.89609375 0.48359375 0.2078125 0.6203125
0 0.7703125 0.378125 0.1671875 0.1484375
0 0.746875 0.53984375 0.159375 0.1390625
0 0.81953125 0.7296875 0.1796875 0.153125
0 0.24921875 0.74765625 0.209375 0.1984375
0 0.23125 0.540625 0.2171875 0.290625
1 0.82578125 0.73203125 0.1125 0.0984375
1 0.796875 0.40078125 0.125 0.1171875
1 0.85859375 0.12109375 0.140625 0.115625
1 0.2640625 0.78515625 0.10625 0.10625
1 0.2421875 0.646875 0.1234375 0.109375
1 0.43671875 0.82734375 0.1453125 0.075
1 0.66640625 0.803125 0.1296875 0.053125
1 0.3640625 0.14765625 0.128125 0.09375
1 0.1484375 0.15390625 0.1234375 0.1078125
1 0.6140625 0.1375 0.1453125 0.109375