0 0.21796875 0.53828125 0.4015625 0.8703125
0 0.51171875 0.5296875 0.340625 0.8640625
0 0.83203125 0.50859375 0.284375 0.8390625
0 0.29453125 0.4109375 0.2625 0.7578125
0 0.54375 0.4234375 0.2296875 0.75625
0 0.7859375 0.46328125 0.2578125 0.8390625
2 0.2234375 0.48359375 0.3140625 0.15
2 0.53671875 0.49296875 0.2828125 0.1609375
2 0.83046875 0.46796875 0.3390625 0.2328125
1 0.14453125 0.1609375 0.20625 0.121875
1 0.48359375 0.14453125 0.2203125 0.109375
1 0.82109375 0.140625 0.2109375 0.0984375