0 0.86640625 0.54375 0.18125 0.384375
0 0.7375 0.55859375 0.1546875 0.39375
0 0.63984375 0.58984375 0.140625 0.3265625
0 0.540625 0.60390625 0.1203125 0.30625
0 0.45703125 0.60703125 0.1375 0.33125
0 0.3515625 0.63359375 0.14375 0.3015625
0 0.65 0.409375 0.1609375 0.3796875
0 0.53671875 0.4109375 0.1546875 0.375
0 0.42890625 0.4265625 0.1484375 0.359375
0 0.32265625 0.4375 0.1296875 0.353125
0 0.23828125 0.45078125 0.1421875 0.3734375
0 0.13046875 0.45390625 0.1421875 0.3671875
1 0.86796875 0.6890625 0.0625 0.0578125
1 0.75859375 0.69921875 0.071875 0.040625
1 0.65859375 0.71328125 0.0765625 0.0546875
1 0.55859375 0.71796875 0.0796875 0.0515625
1 0.46171875 0.73203125 0.0828125 0.0609375
1 0.3625 0.73984375 0.0765625 0.0484375