0 0.14765625 0.56796875 0.178125 0.35
0 0.23203125 0.59296875 0.1640625 0.315625
0 0.33203125 0.58828125 0.1390625 0.3171875
0 0.4296875 0.59296875 0.1421875 0.3171875
0 0.51484375 0.6109375 0.140625 0.309375
0 0.6140625 0.609375 0.125 0.3171875
0 0.36015625 0.42421875 0.1609375 0.2734375
0 0.46484375 0.4265625 0.13125 0.296875
0 0.55859375 0.42734375 0.1234375 0.3015625
0 0.64609375 0.428125 0.09375 0.2953125
0 0.73515625 0.43828125 0.10625 0.2921875
0 0.83984375 0.43359375 0.13125 0.296875
1 0.140625 0.71171875 0.059375 0.04375
1 0.234375 0.71640625 0.0578125 0.034375