2 0.13125 0.51640625 0.209375 0.115625
2 0.375 0.50078125 0.1890625 0.0921875
2 0.57109375 0.53203125 0.1984375 0.090625
2 0.8609375 0.52734375 0.1703125 0.1171875
0 0.10546875 0.484375 0.1796875 0.46875
0 0.365625 0.50390625 0.2109375 0.4484375
0 0.5671875 0.5078125 0.1765625 0.4703125
0 0.88203125 0.51484375 0.184375 0.4390625
1 0.0578125 0.7328125 0.0734375 0.0734375
1 0.20625 0.73203125 0.0984375 0.0921875
1 0.0546875 0.20859375 0.0859375 0.0859375
1 0.225 0.21484375 0.1140625 0.0890625
1 0.928125 0.22734375 0.0890625 0.09375
1 0.915625 0.4046875 0.1125 0.103125
1 0.70390625 0.75546875 0.0796875 0.109375
1 0.26015625 0.425 0.096875 0.0953125
1 0.709375 0.60859375 0.1015625 0.08125
1 0.9140625 0.696875 0.109375 0.0921875