0 0.61328125 0.48359375 0.2359375 0.646875
0 0.36171875 0.45234375 0.25 0.6265625
0 0.15859375 0.4734375 0.3171875 0.68125
0 0.8421875 0.8640625 0.2609375 0.2515625
0 0.6078125 0.8640625 0.209375 0.175
0 0.409375 0.8546875 0.1953125 0.2359375
0 0.19140625 0.86484375 0.2125 0.221875
0 0.90390625 0.49375 0.1921875 0.6125
0 0.7765625 0.60703125 0.1609375 0.140625
0 0.74453125 0.446875 0.153125 0.13125
0 0.80703125 0.25390625 0.1734375 0.1453125
0 0.23671875 0.265625 0.2 0.1890625
0 0.2296875 0.4734375 0.203125 0.28125
1 0.81328125 0.2515625 0.109375 0.09375
1 0.8015625 0.58359375 0.11875 0.1109375
1 0.878125 0.86015625 0.134375 0.109375
1 0.24921875 0.22734375 0.1015625 0.1015625
1 0.23515625 0.36640625 0.11875 0.103125
1 0.41953125 0.1765625 0.1421875 0.0671875
1 0.65 0.18828125 0.128125 0.046875
1 0.3828125 0.85859375 0.1234375 0.0875
1 0.1671875 0.8640625 0.11875 0.1015625
1 0.6328125 0.85625 0.140625 0.1015625