0 0.878125 0.3359375 0.1671875 0.3703125
0 0.75234375 0.33671875 0.140625 0.353125
0 0.6328125 0.33125 0.178125 0.3515625
0 0.503125 0.3453125 0.1390625 0.3625
0 0.38046875 0.334375 0.1375 0.3546875
0 0.246875 0.34609375 0.1390625 0.3734375
0 0.12734375 0.36328125 0.1484375 0.36875
1 0.89140625 0.46484375 0.08125 0.04375
1 0.76875 0.46875 0.071875 0.0421875
1 0.63046875 0.47734375 0.071875 0.0390625
1 0.5109375 0.4796875 0.0765625 0.0359375
1 0.38984375 0.490625 0.084375 0.0390625
1 0.27265625 0.490625 0.0796875 0.0359375
1 0.14296875 0.4984375 0.0890625 0.0359375